option randseed 1534462437980135;
option randseed 1534462437980135;
travel [*,*]
:    1   2   3   4   5   6   7   8   9  10    :=
1    0   0   0   3   0   3   1   3   2   2
2    0   0   0   3   0   3   1   3   2   2
3    0   0   0   3   0   3   1   3   2   2
4    3   3   3   0   3   4   2   0   2   1
5    0   0   0   3   0   3   1   3   2   2
6    3   3   3   4   3   0   3   4   2   3
7    1   1   1   2   1   3   0   2   2   2
8    3   3   3   0   3   4   2   0   2   1
9    2   2   2   2   2   2   2   2   0   2
10   2   2   2   1   2   3   2   1   2   0
;

all_coord [*,*]
:       1          2        :=
1    0.232254   0.263588
2    0.232254   0.263588
3    0.232254   0.263588
4    0.369397   0.999253
5    0.232254   0.263588
6    0.942065   0.11986
7    0.175269   0.524753
8    0.369397   0.999253
9    0.610609   0.458712
10   0.48431    0.827201
;

coords [*,*]
:      1          2        :=
1   0.232254   0.263588
2   0.175269   0.524753
3   0.369397   0.999253
4   0.942065   0.11986
;

jobs, 8
depots, 2
techs, 4
skill domains, 2
skill levels, 2
weeks, 2
tech hours, 320
runs, 1000
problem testing: var_leave, var_arrive, var_start, var_twotech,
  var_night_away, var_hours_tech, var_tech_pair, var_late, objective,
  c_tech_min, c_tech_max, c_tech_inout, c_return_home, c_arcs, c_twotech,
  c_pair_balance, c_pair_sym, c_pair_ub, c_tw_arrive, c_tw_leave,
  c_start_time, c_finish_time;
Count	Result	Gurobi	CPLEX	Objective
1	solved	5.045232	28.0	solved	0.476928	28.0
2	infeas	0.070989	8.0	infeas	0.055992	8.0
3	infeas	0.038993	0.0	infeas	0.029996	0.0
4	infeas	0.078988	0.0	infeas	0.060991	0.0
5	infeas	0.046993	0.0	infeas	0.034994	0.0
6	infeas	0.086987	0.0	infeas	0.057990	0.0
7	infeas	0.048993	0.0	infeas	0.036995	0.0
8	infeas	0.034995	0.0	infeas	0.025996	0.0
9	infeas	0.066989	0.0	infeas	0.051992	0.0
10	infeas	0.052993	0.0	infeas	0.039993	0.0
11	solved	3.435478	22.0	solved	0.423935	22.0
12	solved	2.987547	28.0	solved	0.388941	28.0
13	infeas	0.049992	17.0	infeas	0.037994	17.0
14	infeas	0.060990	0.0	infeas	0.048993	0.0
15	infeas	0.036995	0.0	infeas	0.027995	0.0
16	infeas	0.052992	0.0	infeas	0.040994	0.0
17	infeas	0.041994	0.0	infeas	0.032994	0.0
18	solved	2.581608	30.0	solved	0.292956	30.0
19	infeas	0.059991	6.0	infeas	0.044992	6.0
20	infeas	0.056992	4.0	infeas	0.043993	4.0
21	infeas	0.044993	7.0	infeas	0.034995	7.0
22	infeas	0.047993	0.0	infeas	0.036994	0.0
23	infeas	0.032996	0.0	infeas	0.024995	0.0
24	infeas	0.070990	0.0	infeas	0.055991	0.0
25	solved	4.454323	30.0	solved	0.537918	30.0
26	infeas	0.041994	8.0	infeas	0.032995	8.0
27	solved	3.938401	26.0	solved	0.428934	26.0
28	infeas	0.055993	14.0	infeas	0.044993	14.0
29	solved	5.300194	28.0	solved	0.615906	28.0
30	infeas	0.025996	6.0	infeas	0.018997	6.0
31	infeas	0.074989	0.0	infeas	0.055991	0.0
32	infeas	0.049992	0.0	infeas	0.037996	0.0
33	solved	2.859564	36.0	solved	0.382942	36.0
34	infeas	0.059991	17.0	infeas	0.045993	17.0
35	infeas	0.064990	5.0	infeas	0.050992	5.0
36	infeas	0.060992	0.0	infeas	0.045992	0.0
37	infeas	0.051992	0.0	infeas	0.040994	0.0
38	infeas	0.051992	0.0	infeas	0.034995	0.0
39	infeas	0.083987	0.0	infeas	0.056992	0.0
40	infeas	0.071988	0.0	infeas	0.056991	0.0
41	infeas	0.042994	0.0	infeas	0.030995	0.0
42	infeas	0.047993	0.0	infeas	0.036995	0.0
43	infeas	0.050992	0.0	infeas	0.038994	0.0
44	infeas	0.055991	0.0	infeas	0.043994	0.0
45	infeas	0.060990	0.0	infeas	0.047993	0.0
46	infeas	0.050993	0.0	infeas	0.037993	0.0
47	infeas	0.073989	0.0	infeas	0.055992	0.0
48	solved	5.161215	32.0	solved	0.300955	32.0
49	infeas	0.053992	13.0	infeas	0.040993	13.0
50	infeas	0.055992	5.0	infeas	0.044993	5.0
51	infeas	0.087986	0.0	infeas	0.069990	0.0
52	infeas	0.070989	0.0	infeas	0.056991	0.0
53	infeas	0.042994	0.0	infeas	0.031995	0.0
54	solved	5.773122	34.0	solved	0.491925	34.0
55	infeas	0.039994	14.0	infeas	0.030996	14.0
56	infeas	0.060990	0.0	infeas	0.046993	0.0
57	infeas	0.070990	0.0	infeas	0.056991	0.0
58	infeas	0.044993	0.0	infeas	0.034994	0.0
59	infeas	0.063991	0.0	infeas	0.050992	0.0
60	solved	4.942249	22.0	solved	0.564914	22.0
61	infeas	0.038993	13.0	infeas	0.028997	13.0
62	infeas	0.055990	15.0	infeas	0.044994	15.0
63	infeas	0.078988	0.0	infeas	0.060991	0.0
64	infeas	0.059991	0.0	infeas	0.046993	0.0
65	infeas	0.059991	0.0	infeas	0.045992	0.0
66	infeas	0.052992	0.0	infeas	0.035995	0.0
67	infeas	0.080987	0.0	infeas	0.053992	0.0
68	infeas	0.032995	0.0	infeas	0.025997	0.0
69	solved	3.348490	18.0	solved	0.269959	18.0
70	infeas	0.062991	14.0	infeas	0.047993	14.0
71	infeas	0.064990	6.0	infeas	0.050992	6.0
72	infeas	0.055991	8.0	infeas	0.043994	8.0
73	solved	2.996544	32.0	solved	0.427935	32.0
74	infeas	0.074988	13.0	infeas	0.057991	13.0
75	infeas	0.082988	6.0	infeas	0.066990	6.0
76	solved	3.644446	36.0	solved	0.396940	36.0
77	infeas	0.070988	8.0	infeas	0.054992	8.0
78	infeas	0.051993	6.0	infeas	0.040994	6.0
79	infeas	0.045993	7.0	infeas	0.034994	7.0
80	infeas	0.068989	0.0	infeas	0.051992	0.0
81	infeas	0.060991	0.0	infeas	0.046993	0.0
82	infeas	0.035994	0.0	infeas	0.027996	0.0
83	infeas	0.061991	0.0	infeas	0.045993	0.0
84	infeas	0.046993	0.0	infeas	0.036995	0.0
85	infeas	0.034994	0.0	infeas	0.025996	0.0
86	infeas	0.064991	0.0	infeas	0.050992	0.0
87	infeas	0.042993	0.0	infeas	0.032995	0.0
88	infeas	0.094986	0.0	infeas	0.061990	0.0
89	infeas	0.050992	0.0	infeas	0.039995	0.0
90	infeas	0.057990	0.0	infeas	0.044993	0.0
91	infeas	0.042994	0.0	infeas	0.032995	0.0
92	infeas	0.047992	0.0	infeas	0.036995	0.0
93	solved	6.689983	26.0	solved	0.485926	26.0
94	solved	4.559307	40.0	solved	0.572912	40.0
95	infeas	0.062991	6.0	infeas	0.050993	6.0
96	infeas	0.044992	0.0	infeas	0.034995	0.0
97	infeas	0.043994	0.0	infeas	0.033994	0.0
98	infeas	0.088987	0.0	infeas	0.060991	0.0
99	infeas	0.057991	0.0	infeas	0.044993	0.0
100	solved	5.321191	32.0	solved	0.573913	32.0
101	solved	3.235508	30.0	solved	0.418937	30.0
102	solved	5.285196	26.0	solved	0.505923	26.0
103	infeas	0.052992	14.0	infeas	0.040994	14.0
104	solved	2.666594	28.0	solved	0.365945	28.0
105	solved	6.164063	22.0	solved	0.599908	22.0
106	infeas	0.040994	4.0	infeas	0.032995	4.0
107	infeas	0.068989	6.0	infeas	0.053993	6.0
108	infeas	0.068989	0.0	infeas	0.047992	0.0
109	infeas	0.058992	0.0	infeas	0.045993	0.0
110	infeas	0.056991	0.0	infeas	0.043993	0.0
111	infeas	0.049993	0.0	infeas	0.036994	0.0
112	solved	4.215359	34.0	solved	0.624906	34.0
113	solved	4.162367	40.0	solved	0.539918	40.0
114	infeas	0.052991	5.0	infeas	0.040995	5.0
115	infeas	0.050992	0.0	infeas	0.037994	0.0
116	infeas	0.083987	0.0	infeas	0.056991	0.0
117	infeas	0.062991	0.0	infeas	0.047992	0.0
118	infeas	0.051993	0.0	infeas	0.038994	0.0
119	infeas	0.093985	0.0	infeas	0.063990	0.0
120	infeas	0.058991	0.0	infeas	0.040994	0.0
121	infeas	0.054992	0.0	infeas	0.042994	0.0
122	infeas	0.069988	0.0	infeas	0.053992	0.0
123	infeas	0.058992	0.0	infeas	0.045993	0.0
124	infeas	0.093985	0.0	infeas	0.072989	0.0
125	infeas	0.061990	0.0	infeas	0.047994	0.0
126	infeas	0.049992	0.0	infeas	0.037994	0.0
127	infeas	0.065991	0.0	infeas	0.050991	0.0
128	infeas	0.068990	0.0	infeas	0.052991	0.0
129	infeas	0.038995	0.0	infeas	0.029995	0.0
130	infeas	0.072989	0.0	infeas	0.054992	0.0
131	infeas	0.066990	0.0	infeas	0.052992	0.0
132	infeas	0.057990	0.0	infeas	0.043994	0.0
133	solved	4.454323	26.0	solved	0.544917	26.0
134	infeas	0.080988	21.0	infeas	0.061990	21.0
135	infeas	0.030996	3.0	infeas	0.022996	3.0
136	solved	4.147369	28.0	solved	0.444933	28.0
137	infeas	0.062990	6.0	infeas	0.047993	6.0
138	infeas	0.049993	4.0	infeas	0.037994	4.0
139	infeas	0.032994	0.0	infeas	0.024997	0.0
140	infeas	0.055991	0.0	infeas	0.035995	0.0
141	infeas	0.033995	0.0	infeas	0.024996	0.0
142	infeas	0.050992	0.0	infeas	0.039994	0.0
143	infeas	0.065990	0.0	infeas	0.050992	0.0
144	infeas	0.044994	0.0	infeas	0.033994	0.0
145	infeas	0.074989	0.0	infeas	0.058991	0.0
146	solved	2.023692	30.0	solved	0.235965	30.0
147	infeas	0.047992	10.0	infeas	0.034995	10.0
148	infeas	0.050992	8.0	infeas	0.038994	8.0
149	infeas	0.050992	0.0	infeas	0.038994	0.0
150	infeas	0.050992	0.0	infeas	0.039995	0.0
151	infeas	0.063990	0.0	infeas	0.041993	0.0
152	infeas	0.052993	0.0	infeas	0.036994	0.0
153	infeas	0.082988	0.0	infeas	0.056990	0.0
154	infeas	0.054993	0.0	infeas	0.043992	0.0
155	infeas	0.075989	0.0	infeas	0.057991	0.0
156	infeas	0.068989	0.0	infeas	0.055992	0.0
157	infeas	0.036994	0.0	infeas	0.028996	0.0
158	infeas	0.042994	0.0	infeas	0.032994	0.0
159	infeas	0.042994	0.0	infeas	0.032995	0.0
160	infeas	0.050992	0.0	infeas	0.037994	0.0
161	infeas	0.037994	0.0	infeas	0.029996	0.0
162	infeas	0.041994	0.0	infeas	0.031995	0.0
163	infeas	0.054991	0.0	infeas	0.040994	0.0
164	infeas	0.068989	0.0	infeas	0.047994	0.0
165	infeas	0.091986	0.0	infeas	0.072988	0.0
166	infeas	0.055992	0.0	infeas	0.042994	0.0
167	infeas	0.039994	0.0	infeas	0.030994	0.0
168	infeas	0.076989	0.0	infeas	0.059991	0.0
169	infeas	0.055991	0.0	infeas	0.042994	0.0
170	infeas	0.049992	0.0	infeas	0.038994	0.0
171	infeas	0.058991	0.0	infeas	0.046993	0.0
172	infeas	0.090987	0.0	infeas	0.068989	0.0
173	infeas	0.063990	0.0	infeas	0.044993	0.0
174	infeas	0.076989	0.0	infeas	0.058991	0.0
175	infeas	0.061990	0.0	infeas	0.045993	0.0
176	infeas	0.072989	0.0	infeas	0.056992	0.0
177	infeas	0.038994	0.0	infeas	0.029995	0.0
178	infeas	0.038994	0.0	infeas	0.029996	0.0
179	infeas	0.047992	0.0	infeas	0.036994	0.0
180	infeas	0.047993	0.0	infeas	0.036995	0.0
181	solved	3.388484	32.0	solved	0.534919	32.0
182	solved	3.618450	32.0	solved	0.355945	32.0
183	infeas	0.062992	2.0	infeas	0.046992	2.0
184	infeas	0.075988	4.0	infeas	0.057991	4.0
185	infeas	0.060991	0.0	infeas	0.047993	0.0
186	infeas	0.069989	0.0	infeas	0.053992	0.0
187	infeas	0.068990	0.0	infeas	0.053992	0.0
188	infeas	0.068989	0.0	infeas	0.053992	0.0
189	infeas	0.064990	0.0	infeas	0.050992	0.0
190	infeas	0.059991	0.0	infeas	0.045993	0.0
191	solved	5.597150	24.0	solved	0.437933	24.0
192	infeas	0.076989	15.0	infeas	0.060990	15.0
193	infeas	0.065990	3.0	infeas	0.051992	3.0
194	infeas	0.043993	4.0	infeas	0.032995	4.0
195	infeas	0.078989	6.0	infeas	0.062989	6.0
196	infeas	0.049993	0.0	infeas	0.038994	0.0
197	infeas	0.071989	0.0	infeas	0.054992	0.0
198	infeas	0.059991	0.0	infeas	0.046992	0.0
199	infeas	0.093986	0.0	infeas	0.065990	0.0
200	infeas	0.068990	0.0	infeas	0.054991	0.0
201	infeas	0.034995	0.0	infeas	0.025996	0.0
202	infeas	0.074988	0.0	infeas	0.060991	0.0
203	infeas	0.035995	0.0	infeas	0.026996	0.0
204	infeas	0.068989	0.0	infeas	0.052992	0.0
205	infeas	0.091986	0.0	infeas	0.063990	0.0
206	infeas	0.063991	0.0	infeas	0.045993	0.0
207	infeas	0.056991	0.0	infeas	0.042993	0.0
208	infeas	0.037995	0.0	infeas	0.026996	0.0
209	infeas	0.052991	0.0	infeas	0.040994	0.0
210	infeas	0.054992	0.0	infeas	0.042993	0.0
211	infeas	0.064990	0.0	infeas	0.049993	0.0
212	infeas	0.079988	0.0	infeas	0.055991	0.0
213	solved	2.208665	32.0	solved	0.337948	32.0
214	infeas	0.081988	14.0	infeas	0.060990	14.0
215	infeas	0.079989	10.0	infeas	0.062990	10.0
216	infeas	0.051992	6.0	infeas	0.039994	6.0
217	infeas	0.046993	0.0	infeas	0.036995	0.0
218	infeas	0.063989	0.0	infeas	0.048993	0.0
219	solved	2.701589	38.0	solved	0.385942	38.0
220	infeas	0.082987	8.0	infeas	0.065990	8.0
221	infeas	0.074989	8.0	infeas	0.061990	8.0
222	solved	5.049232	26.0	solved	0.696895	26.0
223	infeas	0.022996	6.0	infeas	0.016997	6.0
224	infeas	0.040994	0.0	infeas	0.030995	0.0
225	solved	6.860957	42.0	solved	0.518922	42.0
226	solved	5.445172	32.0	solved	0.698893	32.0
227	infeas	0.043994	4.0	infeas	0.034994	4.0
228	infeas	0.046993	5.0	infeas	0.035995	5.0
229	solved	6.536007	24.0	solved	0.639902	24.0
230	infeas	0.059991	7.0	infeas	0.044993	7.0
231	infeas	0.060991	0.0	infeas	0.039994	0.0
232	infeas	0.050992	0.0	infeas	0.038994	0.0
233	infeas	0.060991	0.0	infeas	0.046993	0.0
234	infeas	0.064990	0.0	infeas	0.050992	0.0
235	infeas	0.046993	0.0	infeas	0.036994	0.0
236	infeas	0.048992	0.0	infeas	0.036995	0.0
237	infeas	0.090986	0.0	infeas	0.061991	0.0
238	infeas	0.039993	0.0	infeas	0.029996	0.0
239	infeas	0.054991	0.0	infeas	0.041994	0.0
240	infeas	0.040994	0.0	infeas	0.031995	0.0
241	infeas	0.085987	0.0	infeas	0.066990	0.0
242	infeas	0.041994	0.0	infeas	0.031995	0.0
243	infeas	0.037994	0.0	infeas	0.029995	0.0
244	infeas	0.066990	0.0	infeas	0.044994	0.0
245	infeas	0.050992	0.0	infeas	0.037994	0.0
246	infeas	0.052992	0.0	infeas	0.040993	0.0
247	solved	4.257353	22.0	solved	0.398940	22.0
248	infeas	0.051992	8.0	infeas	0.037994	8.0
249	infeas	0.071989	8.0	infeas	0.057992	8.0
250	infeas	0.055991	0.0	infeas	0.043993	0.0
251	infeas	0.078988	0.0	infeas	0.061990	0.0
252	solved	1.844720	28.0	solved	0.369944	28.0
253	infeas	0.041994	14.0	infeas	0.031995	14.0
254	infeas	0.048993	4.0	infeas	0.034994	4.0
255	infeas	0.057992	0.0	infeas	0.044992	0.0
256	infeas	0.060991	0.0	infeas	0.046993	0.0
257	infeas	0.068990	0.0	infeas	0.054991	0.0
258	solved	2.836569	24.0	solved	0.294955	24.0
259	infeas	0.068989	9.0	infeas	0.050993	9.0
260	infeas	0.036994	6.0	infeas	0.028995	6.0
261	infeas	0.082988	8.0	infeas	0.064991	8.0
262	infeas	0.040993	8.0	infeas	0.030995	8.0
263	infeas	0.058992	4.0	infeas	0.045992	4.0
264	infeas	0.039994	8.0	infeas	0.028996	8.0
265	infeas	0.042994	5.0	infeas	0.029995	5.0
266	infeas	0.070989	0.0	infeas	0.047992	0.0
267	infeas	0.052993	0.0	infeas	0.041993	0.0
268	infeas	0.091986	0.0	infeas	0.072990	0.0
269	solved	4.803269	30.0	solved	0.402939	30.0
270	infeas	0.044993	6.0	infeas	0.033994	6.0
271	infeas	0.050993	0.0	infeas	0.037994	0.0
272	infeas	0.053992	0.0	infeas	0.041994	0.0
273	solved	4.504314	28.0	solved	0.612908	28.0
274	solved	3.796423	26.0	solved	0.475927	26.0
275	infeas	0.068990	4.0	infeas	0.053991	4.0
276	infeas	0.048993	0.0	infeas	0.036995	0.0
277	infeas	0.073988	0.0	infeas	0.054992	0.0
278	solved	3.833417	24.0	solved	0.443932	24.0
279	infeas	0.067991	12.0	infeas	0.049992	12.0
280	infeas	0.060991	5.0	infeas	0.047992	5.0
281	infeas	0.054991	0.0	infeas	0.041994	0.0
282	solved	3.937401	30.0	solved	0.601910	30.0
283	infeas	0.054991	7.0	infeas	0.041994	7.0
284	solved	2.908557	20.0	solved	0.369944	20.0
285	infeas	0.061990	11.0	infeas	0.047994	11.0
286	solved	6.971939	40.0	solved	0.741887	40.0
287	infeas	0.061991	15.0	infeas	0.046993	15.0
288	infeas	0.051992	0.0	infeas	0.038994	0.0
289	infeas	0.071989	0.0	infeas	0.057991	0.0
290	solved	3.994394	20.0	solved	0.507922	20.0
291	infeas	0.066990	18.0	infeas	0.052992	18.0
292	infeas	0.057991	8.0	infeas	0.044993	8.0
293	infeas	0.050992	4.0	infeas	0.039994	4.0
294	infeas	0.057992	0.0	infeas	0.044993	0.0
295	solved	4.841264	22.0	solved	0.545917	22.0
296	infeas	0.043993	12.0	infeas	0.032995	12.0
297	infeas	0.073989	3.0	infeas	0.057991	3.0
298	infeas	0.055992	0.0	infeas	0.042993	0.0
299	infeas	0.034994	0.0	infeas	0.025997	0.0
300	infeas	0.067990	0.0	infeas	0.053991	0.0
301	solved	3.482470	22.0	solved	0.421937	22.0
302	infeas	0.056990	8.0	infeas	0.043994	8.0
303	infeas	0.046993	12.0	infeas	0.034995	12.0
304	infeas	0.060990	8.0	infeas	0.044993	8.0
305	infeas	0.055992	0.0	infeas	0.044993	0.0
306	infeas	0.068990	0.0	infeas	0.050992	0.0
307	infeas	0.041993	0.0	infeas	0.030996	0.0
308	infeas	0.047993	0.0	infeas	0.035994	0.0
309	infeas	0.059991	0.0	infeas	0.045993	0.0
310	solved	4.750278	24.0	solved	0.539918	24.0
311	infeas	0.035994	5.0	infeas	0.027996	5.0
312	infeas	0.033995	0.0	infeas	0.026996	0.0
313	infeas	0.059990	0.0	infeas	0.037995	0.0
314	infeas	0.031995	0.0	infeas	0.024996	0.0
315	infeas	0.044993	0.0	infeas	0.032995	0.0
316	infeas	0.034995	0.0	infeas	0.022997	0.0
317	infeas	0.058991	0.0	infeas	0.044992	0.0
318	infeas	0.059992	0.0	infeas	0.040994	0.0
319	infeas	0.031995	0.0	infeas	0.024995	0.0
320	infeas	0.060991	0.0	infeas	0.038995	0.0
321	infeas	0.062990	0.0	infeas	0.048993	0.0
322	infeas	0.051991	0.0	infeas	0.042994	0.0
323	solved	1.510770	34.0	solved	0.361946	34.0
324	solved	1.512769	40.0	solved	0.327950	40.0
325	infeas	0.073990	22.0	infeas	0.054991	22.0
326	infeas	0.086987	0.0	infeas	0.067989	0.0
327	solved	4.161368	38.0	solved	0.439933	38.0
328	infeas	0.038994	14.0	infeas	0.028996	14.0
329	infeas	0.039993	2.0	infeas	0.029996	2.0
330	infeas	0.070989	5.0	infeas	0.054992	5.0
331	infeas	0.092986	0.0	infeas	0.065989	0.0
332	solved	5.005240	16.0	solved	0.315952	16.0
333	infeas	0.068989	17.0	infeas	0.053992	17.0
334	infeas	0.069989	9.0	infeas	0.054992	9.0
335	infeas	0.056991	4.0	infeas	0.043993	4.0
336	solved	3.472472	22.0	solved	0.271960	22.0
337	infeas	0.043993	16.0	infeas	0.032994	16.0
338	infeas	0.052993	12.0	infeas	0.038993	12.0
339	infeas	0.049993	0.0	infeas	0.038994	0.0
340	solved	2.045689	26.0	solved	0.310952	26.0
341	infeas	0.073989	10.0	infeas	0.054993	10.0
342	infeas	0.035993	7.0	infeas	0.027997	7.0
343	infeas	0.043993	1.0	infeas	0.032995	1.0
344	infeas	0.050992	0.0	infeas	0.038994	0.0
345	infeas	0.041993	0.0	infeas	0.032995	0.0
346	solved	2.432631	22.0	solved	0.360945	22.0
347	infeas	0.061990	17.0	infeas	0.047993	17.0
348	solved	4.688288	26.0	solved	0.419936	26.0
349	infeas	0.037994	20.0	infeas	0.029995	20.0
350	solved	2.279654	24.0	solved	0.317951	24.0
351	solved	4.817268	30.0	solved	0.610908	30.0
352	infeas	0.071988	21.0	infeas	0.057991	21.0
353	infeas	0.066991	0.0	infeas	0.045993	0.0
354	infeas	0.054991	0.0	infeas	0.039994	0.0
355	infeas	0.076988	0.0	infeas	0.058991	0.0
356	infeas	0.067990	0.0	infeas	0.049993	0.0
357	solved	2.874562	28.0	solved	0.396940	28.0
358	infeas	0.078988	9.0	infeas	0.058991	9.0
359	infeas	0.057991	0.0	infeas	0.044994	0.0
360	infeas	0.064989	0.0	infeas	0.049993	0.0
361	infeas	0.044993	0.0	infeas	0.033995	0.0
362	infeas	0.058991	0.0	infeas	0.044993	0.0
363	infeas	0.077988	0.0	infeas	0.053992	0.0
364	infeas	0.040994	0.0	infeas	0.030995	0.0
365	infeas	0.043994	0.0	infeas	0.033995	0.0
366	infeas	0.053991	0.0	infeas	0.039994	0.0
367	infeas	0.048993	0.0	infeas	0.034995	0.0
368	solved	1.607755	28.0	solved	0.248962	28.0
369	infeas	0.059991	19.0	infeas	0.043993	19.0
370	infeas	0.051992	11.0	infeas	0.039994	11.0
371	infeas	0.050993	11.0	infeas	0.038993	11.0
372	infeas	0.062991	0.0	infeas	0.048992	0.0
373	infeas	0.044993	0.0	infeas	0.033995	0.0
374	infeas	0.042994	0.0	infeas	0.031995	0.0
375	infeas	0.055991	0.0	infeas	0.043993	0.0
376	infeas	0.035995	0.0	infeas	0.027996	0.0
377	infeas	0.060990	0.0	infeas	0.046993	0.0
378	infeas	0.046994	0.0	infeas	0.036994	0.0
379	infeas	0.043993	0.0	infeas	0.032996	0.0
380	infeas	0.062990	0.0	infeas	0.048992	0.0
381	infeas	0.056991	0.0	infeas	0.044994	0.0
382	infeas	0.071989	0.0	infeas	0.053992	0.0
383	solved	4.257352	24.0	solved	0.506923	24.0
384	infeas	0.037994	22.0	infeas	0.028996	22.0
385	infeas	0.054992	6.0	infeas	0.041994	6.0
386	solved	1.193818	32.0	solved	0.250962	32.0
387	solved	2.058687	30.0	solved	0.334948	30.0
388	infeas	0.055992	7.0	infeas	0.042994	7.0
389	solved	3.460474	32.0	solved	0.329950	32.0
390	infeas	0.040993	0.0	infeas	0.030995	0.0
391	solved	3.610452	32.0	solved	0.475927	32.0
392	infeas	0.077989	0.0	infeas	0.056991	0.0
393	infeas	0.041994	0.0	infeas	0.031994	0.0
394	infeas	0.054992	0.0	infeas	0.042994	0.0
395	infeas	0.038994	0.0	infeas	0.029995	0.0
396	infeas	0.032995	0.0	infeas	0.024997	0.0
397	infeas	0.062990	0.0	infeas	0.048992	0.0
398	solved	3.931403	22.0	solved	0.524920	22.0
399	solved	4.978243	26.0	solved	0.536918	26.0
400	infeas	0.095985	10.0	infeas	0.065991	10.0
401	infeas	0.056992	12.0	infeas	0.045992	12.0
402	infeas	0.043993	5.0	infeas	0.033996	5.0
403	infeas	0.050991	0.0	infeas	0.036995	0.0
404	infeas	0.070989	0.0	infeas	0.053992	0.0
405	infeas	0.064990	0.0	infeas	0.050992	0.0
406	infeas	0.072990	0.0	infeas	0.055991	0.0
407	infeas	0.067990	0.0	infeas	0.052991	0.0
408	infeas	0.050992	0.0	infeas	0.038995	0.0
409	infeas	0.079987	0.0	infeas	0.053992	0.0
410	infeas	0.053992	0.0	infeas	0.040994	0.0
411	solved	3.965397	32.0	solved	0.469929	32.0
412	infeas	0.048992	25.0	infeas	0.037994	25.0
413	infeas	0.041994	10.0	infeas	0.033995	10.0
414	solved	3.984394	44.0	solved	0.462930	44.0
415	infeas	0.037994	5.0	infeas	0.027995	5.0
416	infeas	0.083988	3.0	infeas	0.063990	3.0
417	infeas	0.065990	4.0	infeas	0.051992	4.0
418	infeas	0.059991	0.0	infeas	0.045993	0.0
419	infeas	0.063990	0.0	infeas	0.049993	0.0
420	infeas	0.079988	0.0	infeas	0.058991	0.0
421	infeas	0.052991	0.0	infeas	0.041994	0.0
422	solved	5.878107	22.0	solved	0.522920	22.0
423	infeas	0.048993	7.0	infeas	0.038994	7.0
424	infeas	0.061991	6.0	infeas	0.046992	6.0
425	infeas	0.079988	3.0	infeas	0.063990	3.0
426	infeas	0.063991	0.0	infeas	0.048992	0.0
427	infeas	0.040994	0.0	infeas	0.030995	0.0
428	solved	2.209665	36.0	solved	0.301953	36.0
429	infeas	0.078988	24.0	infeas	0.059991	24.0
430	infeas	0.045993	4.0	infeas	0.034995	4.0
431	infeas	0.036994	4.0	infeas	0.028995	4.0
432	infeas	0.078989	0.0	infeas	0.062990	0.0
433	infeas	0.045993	0.0	infeas	0.034994	0.0
434	infeas	0.043994	0.0	infeas	0.031996	0.0
435	solved	2.990545	40.0	solved	0.412937	40.0
436	infeas	0.063991	12.0	infeas	0.049992	12.0
437	infeas	0.062990	0.0	infeas	0.048993	0.0
438	infeas	0.052991	0.0	infeas	0.039995	0.0
439	solved	6.103071	24.0	solved	0.552917	24.0
440	infeas	0.058991	17.0	infeas	0.045993	17.0
441	infeas	0.037994	12.0	infeas	0.029995	12.0
442	infeas	0.061990	6.0	infeas	0.048993	6.0
443	solved	5.011239	36.0	solved	0.587911	36.0
444	infeas	0.050991	22.0	infeas	0.038995	22.0
445	infeas	0.076987	8.0	infeas	0.056992	8.0
446	infeas	0.041994	7.0	infeas	0.029995	7.0
447	infeas	0.098985	3.0	infeas	0.071989	3.0
448	infeas	0.052992	4.0	infeas	0.040994	4.0
449	infeas	0.070989	0.0	infeas	0.046993	0.0
450	infeas	0.048992	0.0	infeas	0.037994	0.0
451	infeas	0.037995	0.0	infeas	0.028996	0.0
452	infeas	0.043993	0.0	infeas	0.034994	0.0
453	infeas	0.052993	0.0	infeas	0.038994	0.0
454	infeas	0.026996	0.0	infeas	0.018996	0.0
455	solved	6.141067	34.0	solved	0.320951	34.0
456	infeas	0.043993	10.0	infeas	0.031996	10.0
457	solved	3.033539	36.0	solved	0.413936	36.0
458	infeas	0.071990	11.0	infeas	0.052991	11.0
459	solved	4.000392	36.0	solved	0.607908	36.0
460	infeas	0.066990	14.0	infeas	0.048992	14.0
461	infeas	0.076989	15.0	infeas	0.058990	15.0
462	infeas	0.057992	7.0	infeas	0.043994	7.0
463	infeas	0.062990	8.0	infeas	0.048992	8.0
464	infeas	0.038994	6.0	infeas	0.029996	6.0
465	infeas	0.048993	2.0	infeas	0.034994	2.0
466	infeas	0.064991	0.0	infeas	0.047992	0.0
467	infeas	0.070989	0.0	infeas	0.054992	0.0
468	infeas	0.056991	0.0	infeas	0.044993	0.0
469	infeas	0.084988	0.0	infeas	0.065989	0.0
470	infeas	0.078988	0.0	infeas	0.059991	0.0
471	infeas	0.063990	0.0	infeas	0.050993	0.0
472	infeas	0.057991	0.0	infeas	0.044992	0.0
473	infeas	0.054993	0.0	infeas	0.043993	0.0
474	infeas	0.048993	0.0	infeas	0.037993	0.0
475	infeas	0.061992	0.0	infeas	0.048992	0.0
476	infeas	0.060990	0.0	infeas	0.046993	0.0
477	solved	5.171214	26.0	solved	0.448932	26.0
478	infeas	0.051992	0.0	infeas	0.039994	0.0
479	infeas	0.064990	0.0	infeas	0.050993	0.0
480	infeas	0.060990	0.0	infeas	0.049993	0.0
481	solved	5.482166	30.0	solved	0.651901	30.0
482	infeas	0.084987	14.0	infeas	0.066990	14.0
483	infeas	0.064990	12.0	infeas	0.050992	12.0
484	infeas	0.086987	0.0	infeas	0.065990	0.0
485	infeas	0.073989	0.0	infeas	0.058991	0.0
486	infeas	0.045993	0.0	infeas	0.035994	0.0
487	infeas	0.069990	0.0	infeas	0.054991	0.0
488	infeas	0.062991	0.0	infeas	0.047992	0.0
489	infeas	0.055991	0.0	infeas	0.042994	0.0
490	infeas	0.057991	0.0	infeas	0.043994	0.0
491	infeas	0.056991	0.0	infeas	0.043993	0.0
492	infeas	0.044994	0.0	infeas	0.033995	0.0
493	infeas	0.042993	0.0	infeas	0.033995	0.0
494	infeas	0.062990	0.0	infeas	0.048993	0.0
495	infeas	0.073988	0.0	infeas	0.057992	0.0
496	solved	4.787272	34.0	solved	0.557915	34.0
497	infeas	0.059990	2.0	infeas	0.046994	2.0
498	infeas	0.033995	3.0	infeas	0.023996	3.0
499	infeas	0.073989	3.0	infeas	0.055991	3.0
500	infeas	0.052992	2.0	infeas	0.040994	2.0
501	infeas	0.055991	0.0	infeas	0.042993	0.0
502	solved	3.595454	36.0	solved	0.250962	36.0
503	infeas	0.055992	10.0	infeas	0.041993	10.0
504	infeas	0.063991	7.0	infeas	0.048992	7.0
505	solved	2.394636	28.0	solved	0.276958	28.0
506	infeas	0.065990	19.0	infeas	0.050992	19.0
507	infeas	0.041994	0.0	infeas	0.031995	0.0
508	solved	3.144522	24.0	solved	0.379942	24.0
509	infeas	0.058991	27.0	infeas	0.046993	27.0
510	infeas	0.042994	10.0	infeas	0.033994	10.0
511	infeas	0.065991	3.0	infeas	0.050992	3.0
512	infeas	0.070989	0.0	infeas	0.055992	0.0
513	solved	4.966244	26.0	solved	0.569914	26.0
514	infeas	0.044993	0.0	infeas	0.033995	0.0
515	solved	2.896559	22.0	solved	0.421936	22.0
516	infeas	0.052992	0.0	infeas	0.040994	0.0
517	solved	6.629992	46.0	solved	0.514922	46.0
518	infeas	0.075988	12.0	infeas	0.058991	12.0
519	infeas	0.069989	0.0	infeas	0.054993	0.0
520	infeas	0.056991	0.0	infeas	0.042993	0.0
521	solved	4.609299	30.0	solved	0.381942	30.0
522	infeas	0.057991	0.0	infeas	0.045994	0.0
523	infeas	0.060990	0.0	infeas	0.047993	0.0
524	infeas	0.078988	0.0	infeas	0.061990	0.0
525	infeas	0.098985	0.0	infeas	0.071990	0.0
526	infeas	0.087986	0.0	infeas	0.068989	0.0
527	infeas	0.071990	0.0	infeas	0.055991	0.0
528	infeas	0.044993	0.0	infeas	0.034995	0.0
529	infeas	0.064990	0.0	infeas	0.049992	0.0
530	infeas	0.098985	0.0	infeas	0.069990	0.0
531	infeas	0.051992	0.0	infeas	0.035994	0.0
532	infeas	0.059991	0.0	infeas	0.046993	0.0
533	infeas	0.068990	0.0	infeas	0.053991	0.0
534	solved	1.974700	20.0	solved	0.248962	20.0
535	infeas	0.049992	10.0	infeas	0.037995	10.0
536	infeas	0.058991	2.0	infeas	0.045993	2.0
537	infeas	0.057991	2.0	infeas	0.043994	2.0
538	infeas	0.079987	2.0	infeas	0.061990	2.0
539	infeas	0.047993	2.0	infeas	0.036995	2.0
540	solved	3.281502	30.0	solved	0.317951	30.0
541	infeas	0.039993	18.0	infeas	0.030996	18.0
542	infeas	0.031995	0.0	infeas	0.023997	0.0
543	infeas	0.050991	0.0	infeas	0.036995	0.0
544	infeas	0.064991	0.0	infeas	0.043992	0.0
545	infeas	0.058991	0.0	infeas	0.042994	0.0
546	infeas	0.057992	0.0	infeas	0.044992	0.0
547	infeas	0.044994	0.0	infeas	0.034994	0.0
548	infeas	0.044994	0.0	infeas	0.034994	0.0
549	infeas	0.056992	0.0	infeas	0.044992	0.0
550	infeas	0.071990	0.0	infeas	0.054991	0.0
551	infeas	0.066990	0.0	infeas	0.051993	0.0
552	infeas	0.044992	0.0	infeas	0.033995	0.0
553	infeas	0.046993	0.0	infeas	0.030996	0.0
554	infeas	0.070989	0.0	infeas	0.053992	0.0
555	infeas	0.060990	0.0	infeas	0.047993	0.0
556	solved	3.437477	26.0	solved	0.456931	26.0
557	infeas	0.052992	12.0	infeas	0.038994	12.0
558	solved	1.869716	24.0	solved	0.260960	24.0
559	infeas	0.066990	9.0	infeas	0.050992	9.0
560	infeas	0.051992	6.0	infeas	0.038994	6.0
561	infeas	0.054992	0.0	infeas	0.043993	0.0
562	infeas	0.063990	0.0	infeas	0.048993	0.0
563	infeas	0.080987	0.0	infeas	0.062990	0.0
564	infeas	0.045994	0.0	infeas	0.033995	0.0
565	solved	5.189210	32.0	solved	0.542919	32.0
566	infeas	0.087986	8.0	infeas	0.067989	8.0
567	infeas	0.060991	6.0	infeas	0.048993	6.0
568	infeas	0.033994	6.0	infeas	0.025997	6.0
569	infeas	0.081988	0.0	infeas	0.061990	0.0
570	infeas	0.080987	0.0	infeas	0.061991	0.0
571	infeas	0.062991	0.0	infeas	0.048992	0.0
572	infeas	0.038994	0.0	infeas	0.029996	0.0
573	infeas	0.066990	0.0	infeas	0.049992	0.0
574	infeas	0.047993	0.0	infeas	0.037994	0.0
575	infeas	0.078987	0.0	infeas	0.061991	0.0
576	infeas	0.045993	0.0	infeas	0.035995	0.0
577	infeas	0.058991	0.0	infeas	0.045993	0.0
578	infeas	0.092985	0.0	infeas	0.067991	0.0
579	infeas	0.051992	0.0	infeas	0.041993	0.0
580	infeas	0.081987	0.0	infeas	0.065990	0.0
581	infeas	0.046994	0.0	infeas	0.034994	0.0
582	infeas	0.045994	0.0	infeas	0.035994	0.0
583	infeas	0.063990	0.0	infeas	0.050992	0.0
584	infeas	0.082987	0.0	infeas	0.065990	0.0
585	infeas	0.041995	0.0	infeas	0.031995	0.0
586	infeas	0.078987	0.0	infeas	0.060991	0.0
587	infeas	0.064990	0.0	infeas	0.051993	0.0
588	infeas	0.059991	0.0	infeas	0.047992	0.0
589	infeas	0.054991	0.0	infeas	0.045993	0.0
590	infeas	0.073989	0.0	infeas	0.055992	0.0
591	infeas	0.062991	0.0	infeas	0.049992	0.0
592	infeas	0.049992	0.0	infeas	0.034994	0.0
593	infeas	0.053993	0.0	infeas	0.040993	0.0
594	infeas	0.052992	0.0	infeas	0.039994	0.0
595	infeas	0.052992	0.0	infeas	0.039994	0.0
596	infeas	0.079987	0.0	infeas	0.049993	0.0
597	infeas	0.067990	0.0	infeas	0.053991	0.0
598	infeas	0.087988	0.0	infeas	0.069988	0.0
599	infeas	0.045993	0.0	infeas	0.034995	0.0
600	solved	2.577609	34.0	solved	0.379942	34.0
601	infeas	0.063990	8.0	infeas	0.050993	8.0
602	infeas	0.044992	2.0	infeas	0.034995	2.0
603	infeas	0.072989	0.0	infeas	0.057991	0.0
604	infeas	0.049993	0.0	infeas	0.036994	0.0
605	infeas	0.053992	0.0	infeas	0.040993	0.0
606	infeas	0.048993	0.0	infeas	0.036995	0.0
607	infeas	0.053991	0.0	infeas	0.040994	0.0
608	infeas	0.075989	0.0	infeas	0.059990	0.0
609	infeas	0.042994	0.0	infeas	0.033995	0.0
610	infeas	0.063990	0.0	infeas	0.049992	0.0
611	infeas	0.062991	0.0	infeas	0.048992	0.0
612	infeas	0.065990	0.0	infeas	0.052993	0.0
613	infeas	0.071989	0.0	infeas	0.055991	0.0
614	solved	6.377030	28.0	solved	0.613907	28.0
615	infeas	0.040993	8.0	infeas	0.032996	8.0
616	infeas	0.071989	0.0	infeas	0.053991	0.0
617	infeas	0.034995	0.0	infeas	0.025996	0.0
618	infeas	0.082987	0.0	infeas	0.053993	0.0
619	infeas	0.052991	0.0	infeas	0.040994	0.0
620	solved	5.560155	28.0	solved	0.469929	28.0
621	infeas	0.059990	4.0	infeas	0.048993	4.0
622	infeas	0.056992	0.0	infeas	0.043993	0.0
623	infeas	0.094985	0.0	infeas	0.072989	0.0
624	solved	3.473472	32.0	solved	0.336949	32.0
625	infeas	0.062990	3.0	infeas	0.048992	3.0
626	solved	3.362489	44.0	solved	0.494926	44.0
627	infeas	0.066989	12.0	infeas	0.051992	12.0
628	infeas	0.049992	0.0	infeas	0.039994	0.0
629	infeas	0.052993	0.0	infeas	0.039993	0.0
630	infeas	0.065990	0.0	infeas	0.048993	0.0
631	solved	4.675289	32.0	solved	0.561914	32.0
632	infeas	0.087988	27.0	infeas	0.066989	27.0
633	infeas	0.028996	8.0	infeas	0.021997	8.0
634	infeas	0.064989	0.0	infeas	0.051993	0.0
635	infeas	0.045993	0.0	infeas	0.033995	0.0
636	infeas	0.062989	0.0	infeas	0.048993	0.0
637	solved	4.644295	32.0	solved	0.404938	32.0
638	infeas	0.068989	8.0	infeas	0.054992	8.0
639	infeas	0.062990	0.0	infeas	0.048993	0.0
640	infeas	0.037994	0.0	infeas	0.029995	0.0
641	infeas	0.076989	0.0	infeas	0.051992	0.0
642	solved	4.658291	44.0	solved	0.634905	44.0
643	infeas	0.052991	4.0	infeas	0.040994	4.0
644	infeas	0.048992	0.0	infeas	0.037994	0.0
645	infeas	0.064991	0.0	infeas	0.050992	0.0
646	infeas	0.049992	0.0	infeas	0.036995	0.0
647	solved	2.827570	32.0	solved	0.495924	32.0
648	infeas	0.061991	17.0	infeas	0.048992	17.0
649	infeas	0.076989	7.0	infeas	0.058991	7.0
650	infeas	0.052992	3.0	infeas	0.040994	3.0
651	infeas	0.051992	1.0	infeas	0.040994	1.0
652	infeas	0.042993	1.0	infeas	0.032995	1.0
653	infeas	0.065990	0.0	infeas	0.051993	0.0
654	solved	2.535614	44.0	solved	0.436933	44.0
655	infeas	0.043994	9.0	infeas	0.031995	9.0
656	infeas	0.063990	0.0	infeas	0.048993	0.0
657	infeas	0.061990	0.0	infeas	0.049993	0.0
658	infeas	0.049992	0.0	infeas	0.038994	0.0
659	solved	2.764580	32.0	solved	0.398939	32.0
660	infeas	0.048993	11.0	infeas	0.038994	11.0
661	infeas	0.045992	0.0	infeas	0.033996	0.0
662	infeas	0.052992	0.0	infeas	0.035994	0.0
663	infeas	0.078988	0.0	infeas	0.053992	0.0
664	infeas	0.062990	0.0	infeas	0.045994	0.0
665	infeas	0.044992	0.0	infeas	0.032995	0.0
666	solved	3.605453	34.0	solved	0.554915	34.0
667	infeas	0.050992	12.0	infeas	0.037994	12.0
668	solved	1.340797	22.0	solved	0.182971	22.0
669	infeas	0.042994	7.0	infeas	0.032995	7.0
670	infeas	0.077988	0.0	infeas	0.060991	0.0
671	infeas	0.065990	0.0	infeas	0.051992	0.0
672	infeas	0.051992	0.0	infeas	0.036994	0.0
673	infeas	0.046994	0.0	infeas	0.037994	0.0
674	infeas	0.049992	0.0	infeas	0.038994	0.0
675	infeas	0.048993	0.0	infeas	0.036994	0.0
676	infeas	0.051992	0.0	infeas	0.039994	0.0
677	infeas	0.055991	0.0	infeas	0.043994	0.0
678	solved	3.951399	20.0	solved	0.351946	20.0
679	infeas	0.046994	8.0	infeas	0.036994	8.0
680	solved	2.178669	32.0	solved	0.116982	32.0
681	infeas	0.055991	12.0	infeas	0.044993	12.0
682	solved	3.693439	34.0	solved	0.418936	34.0
683	solved	2.640599	28.0	solved	0.399939	28.0
684	infeas	0.051992	0.0	infeas	0.040994	0.0
685	infeas	0.059991	0.0	infeas	0.045993	0.0
686	solved	4.049384	22.0	solved	0.531920	22.0
687	infeas	0.080988	8.0	infeas	0.063990	8.0
688	infeas	0.052991	4.0	infeas	0.042993	4.0
689	infeas	0.070990	0.0	infeas	0.047993	0.0
690	infeas	0.056991	0.0	infeas	0.043994	0.0
691	solved	5.979090	26.0	solved	0.729890	26.0
692	infeas	0.051992	1.0	infeas	0.039994	1.0
693	solved	4.336341	40.0	solved	0.551916	40.0
694	infeas	0.074988	12.0	infeas	0.059991	12.0
695	infeas	0.054992	10.0	infeas	0.042993	10.0
696	infeas	0.091986	0.0	infeas	0.073989	0.0
697	infeas	0.052992	0.0	infeas	0.042993	0.0
698	infeas	0.080988	0.0	infeas	0.061990	0.0
699	solved	2.814572	40.0	solved	0.274959	40.0
700	infeas	0.065989	7.0	infeas	0.050993	7.0
701	solved	7.261896	20.0	solved	0.658899	20.0
702	infeas	0.060991	11.0	infeas	0.047993	11.0
703	solved	3.883410	32.0	solved	0.387940	32.0
704	infeas	0.046994	10.0	infeas	0.036994	10.0
705	infeas	0.044993	0.0	infeas	0.033995	0.0
706	infeas	0.074989	0.0	infeas	0.058990	0.0
707	solved	4.799271	34.0	solved	0.694894	34.0
708	infeas	0.056992	13.0	infeas	0.043993	13.0
709	infeas	0.070989	8.0	infeas	0.055992	8.0
710	infeas	0.059991	12.0	infeas	0.047993	12.0
711	infeas	0.074988	0.0	infeas	0.056992	0.0
712	solved	6.612994	26.0	solved	0.615906	26.0
713	solved	7.584848	38.0	solved	0.876866	38.0
714	solved	4.275351	28.0	solved	0.561914	28.0
715	infeas	0.046993	12.0	infeas	0.037994	12.0
716	solved	4.597300	28.0	solved	0.280958	28.0
717	infeas	0.070990	6.0	infeas	0.056991	6.0
718	infeas	0.061990	5.0	infeas	0.047993	5.0
719	infeas	0.042993	8.0	infeas	0.033995	8.0
720	infeas	0.043993	8.0	infeas	0.032996	8.0
721	infeas	0.045992	0.0	infeas	0.034995	0.0
722	infeas	0.053992	0.0	infeas	0.039994	0.0
723	solved	6.643990	42.0	solved	0.670898	42.0
724	infeas	0.055992	18.0	infeas	0.042992	18.0
725	solved	6.000088	28.0	solved	0.655901	28.0
726	infeas	0.067989	14.0	infeas	0.053992	14.0
727	infeas	0.026997	6.0	infeas	0.020996	6.0
728	infeas	0.040994	6.0	infeas	0.031995	6.0
729	infeas	0.063990	3.0	infeas	0.049993	3.0
730	infeas	0.060991	6.0	infeas	0.046992	6.0
731	solved	6.126069	28.0	solved	0.688895	28.0
732	infeas	0.058991	4.0	infeas	0.043994	4.0
733	infeas	0.048992	9.0	infeas	0.037994	9.0
734	infeas	0.043993	7.0	infeas	0.034995	7.0
735	infeas	0.054992	7.0	infeas	0.042994	7.0
736	infeas	0.053992	0.0	infeas	0.042992	0.0
737	solved	5.770124	32.0	solved	0.545916	32.0
738	infeas	0.053992	0.0	infeas	0.042994	0.0
739	infeas	0.034994	0.0	infeas	0.026996	0.0
740	infeas	0.037994	0.0	infeas	0.027997	0.0
741	infeas	0.040993	0.0	infeas	0.029996	0.0
742	infeas	0.064990	0.0	infeas	0.049992	0.0
743	solved	4.561306	18.0	solved	0.570914	18.0
744	infeas	0.034995	11.0	infeas	0.025995	11.0
745	infeas	0.066990	2.0	infeas	0.052992	2.0
746	infeas	0.041994	0.0	infeas	0.031995	0.0
747	infeas	0.026996	0.0	infeas	0.019997	0.0
748	infeas	0.066990	0.0	infeas	0.051992	0.0
749	infeas	0.048992	0.0	infeas	0.038995	0.0
750	solved	4.781273	28.0	solved	0.384941	28.0
751	infeas	0.101985	24.0	infeas	0.076988	24.0
752	infeas	0.070989	0.0	infeas	0.048992	0.0
753	infeas	0.077989	0.0	infeas	0.055991	0.0
754	infeas	0.042994	0.0	infeas	0.033995	0.0
755	infeas	0.051992	0.0	infeas	0.032995	0.0
756	solved	3.355490	52.0	solved	0.454931	52.0
757	infeas	0.070989	10.0	infeas	0.054991	10.0
758	infeas	0.063991	9.0	infeas	0.049992	9.0
759	infeas	0.061991	2.0	infeas	0.048992	2.0
760	infeas	0.046993	2.0	infeas	0.035995	2.0
761	infeas	0.052991	3.0	infeas	0.041994	3.0
762	infeas	0.080987	2.0	infeas	0.061992	2.0
763	infeas	0.062990	0.0	infeas	0.045993	0.0
764	infeas	0.033994	0.0	infeas	0.024997	0.0
765	infeas	0.047992	0.0	infeas	0.036995	0.0
766	infeas	0.062990	0.0	infeas	0.042993	0.0
767	infeas	0.047993	0.0	infeas	0.037995	0.0
768	infeas	0.047992	0.0	infeas	0.037994	0.0
769	infeas	0.076989	0.0	infeas	0.057991	0.0
770	solved	3.053536	16.0	solved	0.257961	16.0
771	infeas	0.056991	8.0	infeas	0.043993	8.0
772	infeas	0.054992	5.0	infeas	0.042993	5.0
773	infeas	0.048993	5.0	infeas	0.037994	5.0
774	infeas	0.044994	4.0	infeas	0.034994	4.0
775	infeas	0.050992	2.0	infeas	0.039994	2.0
776	solved	3.067533	28.0	solved	0.358947	28.0
777	solved	2.277653	24.0	solved	0.348947	24.0
778	infeas	0.063990	15.0	infeas	0.049993	15.0
779	infeas	0.063989	6.0	infeas	0.050993	6.0
780	infeas	0.041994	0.0	infeas	0.031995	0.0
781	infeas	0.064990	0.0	infeas	0.044993	0.0
782	infeas	0.088987	0.0	infeas	0.061991	0.0
783	infeas	0.037993	0.0	infeas	0.029996	0.0
784	infeas	0.035994	0.0	infeas	0.027996	0.0
785	solved	2.467625	18.0	solved	0.237964	18.0
786	infeas	0.059990	14.0	infeas	0.047993	14.0
787	infeas	0.065991	2.0	infeas	0.048992	2.0
788	infeas	0.031995	0.0	infeas	0.022997	0.0
789	infeas	0.055991	0.0	infeas	0.043994	0.0
790	infeas	0.052991	0.0	infeas	0.040995	0.0
791	infeas	0.081986	0.0	infeas	0.065990	0.0
792	infeas	0.044994	0.0	infeas	0.034994	0.0
793	infeas	0.043993	0.0	infeas	0.033995	0.0
794	infeas	0.040995	0.0	infeas	0.030995	0.0
795	infeas	0.045993	0.0	infeas	0.035994	0.0
796	infeas	0.065990	0.0	infeas	0.044993	0.0
797	infeas	0.032995	0.0	infeas	0.025997	0.0
798	infeas	0.048992	0.0	infeas	0.037994	0.0
799	infeas	0.055992	0.0	infeas	0.043993	0.0
800	infeas	0.084987	0.0	infeas	0.059991	0.0
801	infeas	0.106984	0.0	infeas	0.074988	0.0
802	infeas	0.032995	0.0	infeas	0.026996	0.0
803	infeas	0.075989	0.0	infeas	0.050991	0.0
804	infeas	0.063991	0.0	infeas	0.047993	0.0
805	infeas	0.070989	0.0	infeas	0.054992	0.0
806	infeas	0.045993	0.0	infeas	0.037994	0.0
807	solved	4.839264	28.0	solved	0.460930	28.0
808	infeas	0.054992	12.0	infeas	0.042993	12.0
809	infeas	0.054992	6.0	infeas	0.040994	6.0
810	infeas	0.044993	2.0	infeas	0.033994	2.0
811	infeas	0.031996	3.0	infeas	0.023996	3.0
812	infeas	0.033995	0.0	infeas	0.031995	0.0
813	infeas	0.044993	0.0	infeas	0.033995	0.0
814	infeas	0.079988	0.0	infeas	0.062991	0.0
815	infeas	0.041993	0.0	infeas	0.031995	0.0
816	infeas	0.071989	0.0	infeas	0.055992	0.0
817	infeas	0.028995	0.0	infeas	0.022996	0.0
818	infeas	0.053992	0.0	infeas	0.040994	0.0
819	infeas	0.083987	0.0	infeas	0.063990	0.0
820	infeas	0.048993	0.0	infeas	0.038994	0.0
821	solved	6.286045	18.0	solved	0.802878	18.0
822	infeas	0.058990	13.0	infeas	0.045994	13.0
823	infeas	0.080988	0.0	infeas	0.065990	0.0
824	infeas	0.063990	0.0	infeas	0.050992	0.0
825	infeas	0.051992	0.0	infeas	0.040994	0.0
826	infeas	0.072989	0.0	infeas	0.056991	0.0
827	infeas	0.038994	0.0	infeas	0.030996	0.0
828	infeas	0.073988	0.0	infeas	0.057991	0.0
829	infeas	0.067990	0.0	infeas	0.054992	0.0
830	infeas	0.077988	0.0	infeas	0.061990	0.0
831	infeas	0.061991	0.0	infeas	0.049993	0.0
832	infeas	0.042993	0.0	infeas	0.032994	0.0
833	infeas	0.079989	0.0	infeas	0.062990	0.0
834	infeas	0.040994	0.0	infeas	0.031995	0.0
835	infeas	0.065990	0.0	infeas	0.051992	0.0
836	solved	2.945552	30.0	solved	0.295955	30.0
837	infeas	0.038994	8.0	infeas	0.028996	8.0
838	solved	2.018693	34.0	solved	0.483926	34.0
839	solved	4.811269	38.0	solved	0.594910	38.0
840	infeas	0.049992	20.0	infeas	0.036994	20.0
841	infeas	0.040994	2.0	infeas	0.031995	2.0
842	infeas	0.076989	2.0	infeas	0.059990	2.0
843	infeas	0.088987	2.0	infeas	0.071989	2.0
844	solved	1.149825	28.0	solved	0.200970	28.0
845	infeas	0.094985	8.0	infeas	0.072989	8.0
846	infeas	0.046993	0.0	infeas	0.036995	0.0
847	infeas	0.064989	0.0	infeas	0.050993	0.0
848	infeas	0.083987	0.0	infeas	0.062990	0.0
849	infeas	0.043993	0.0	infeas	0.034995	0.0
850	solved	5.503164	30.0	solved	0.738887	30.0
851	infeas	0.063991	23.0	infeas	0.048992	23.0
852	solved	4.299346	32.0	solved	0.524921	32.0
853	infeas	0.082987	23.0	infeas	0.063990	23.0
854	infeas	0.057992	6.0	infeas	0.044992	6.0
855	infeas	0.063991	0.0	infeas	0.048993	0.0
856	infeas	0.060990	0.0	infeas	0.046993	0.0
857	infeas	0.048993	0.0	infeas	0.037994	0.0
858	infeas	0.056992	0.0	infeas	0.043993	0.0
859	infeas	0.048992	0.0	infeas	0.038994	0.0
860	infeas	0.055992	0.0	infeas	0.042993	0.0
861	solved	3.044538	38.0	solved	0.340948	38.0
862	infeas	0.084987	12.0	infeas	0.065990	12.0
863	infeas	0.053991	6.0	infeas	0.041994	6.0
864	infeas	0.062990	0.0	infeas	0.050992	0.0
865	infeas	0.035995	0.0	infeas	0.027996	0.0
866	infeas	0.061991	0.0	infeas	0.045993	0.0
867	infeas	0.038994	0.0	infeas	0.030995	0.0
868	infeas	0.054991	0.0	infeas	0.042994	0.0
869	infeas	0.090986	0.0	infeas	0.070989	0.0
870	solved	5.706133	42.0	solved	0.614906	42.0
871	infeas	0.043994	11.0	infeas	0.035994	11.0
872	infeas	0.035994	13.0	infeas	0.026997	13.0
873	infeas	0.078988	13.0	infeas	0.062990	13.0
874	infeas	0.075988	15.0	infeas	0.062991	15.0
875	infeas	0.031995	0.0	infeas	0.023996	0.0
876	infeas	0.061991	0.0	infeas	0.048993	0.0
877	infeas	0.060990	0.0	infeas	0.046993	0.0
878	solved	2.876563	38.0	solved	0.421935	38.0
879	solved	3.025540	44.0	solved	0.486926	44.0
880	infeas	0.031995	12.0	infeas	0.023997	12.0
881	infeas	0.073989	5.0	infeas	0.056992	5.0
882	infeas	0.045992	10.0	infeas	0.034995	10.0
883	solved	3.440477	40.0	solved	0.464930	40.0
884	infeas	0.050992	17.0	infeas	0.040993	17.0
885	solved	3.394485	24.0	solved	0.407937	24.0
886	infeas	0.078989	7.0	infeas	0.060990	7.0
887	infeas	0.052992	4.0	infeas	0.041994	4.0
888	infeas	0.076988	3.0	infeas	0.057991	3.0
889	infeas	0.035995	2.0	infeas	0.027996	2.0
890	infeas	0.050992	6.0	infeas	0.038993	6.0
891	infeas	0.031996	0.0	infeas	0.024996	0.0
892	infeas	0.053991	0.0	infeas	0.040994	0.0
893	infeas	0.074989	0.0	infeas	0.056991	0.0
894	infeas	0.062991	0.0	infeas	0.049992	0.0
895	infeas	0.047993	0.0	infeas	0.036994	0.0
896	infeas	0.049993	0.0	infeas	0.039994	0.0
897	infeas	0.079988	0.0	infeas	0.048992	0.0
898	infeas	0.062990	0.0	infeas	0.045994	0.0
899	infeas	0.046993	0.0	infeas	0.037993	0.0
900	infeas	0.080988	0.0	infeas	0.063990	0.0
901	infeas	0.071989	0.0	infeas	0.057991	0.0
902	infeas	0.047993	0.0	infeas	0.037995	0.0
903	infeas	0.075988	0.0	infeas	0.057992	0.0
904	infeas	0.073989	0.0	infeas	0.057990	0.0
905	infeas	0.064991	0.0	infeas	0.048992	0.0
906	solved	4.643294	16.0	solved	0.383942	16.0
907	infeas	0.053992	6.0	infeas	0.041993	6.0
908	infeas	0.084987	0.0	infeas	0.066990	0.0
909	infeas	0.044993	0.0	infeas	0.033994	0.0
910	infeas	0.042994	0.0	infeas	0.031996	0.0
911	infeas	0.066990	0.0	infeas	0.051991	0.0
912	solved	6.457019	18.0	solved	0.445932	18.0
913	infeas	0.041994	8.0	infeas	0.031995	8.0
914	infeas	0.050992	2.0	infeas	0.037994	2.0
915	infeas	0.044994	0.0	infeas	0.033994	0.0
916	infeas	0.066990	0.0	infeas	0.052992	0.0
917	solved	4.120373	24.0	solved	0.434934	24.0
918	infeas	0.064991	19.0	infeas	0.051992	19.0
919	infeas	0.051992	8.0	infeas	0.041994	8.0
920	infeas	0.062990	6.0	infeas	0.047992	6.0
921	infeas	0.055992	4.0	infeas	0.043994	4.0
922	infeas	0.085986	6.0	infeas	0.063991	6.0
923	infeas	0.031995	0.0	infeas	0.023996	0.0
924	infeas	0.053991	0.0	infeas	0.035995	0.0
925	infeas	0.077988	0.0	infeas	0.058992	0.0
926	solved	3.865411	40.0	solved	0.487927	40.0
927	infeas	0.063990	21.0	infeas	0.048993	21.0
928	solved	5.185211	24.0	solved	0.482927	24.0
929	infeas	0.030995	12.0	infeas	0.023996	12.0
930	infeas	0.075989	9.0	infeas	0.057991	9.0
931	infeas	0.068990	6.0	infeas	0.055991	6.0
932	infeas	0.034995	2.0	infeas	0.026996	2.0
933	infeas	0.073989	2.0	infeas	0.056991	2.0
934	infeas	0.068989	0.0	infeas	0.045993	0.0
935	infeas	0.063990	0.0	infeas	0.050993	0.0
936	infeas	0.080987	0.0	infeas	0.054992	0.0
937	infeas	0.072989	0.0	infeas	0.056991	0.0
938	infeas	0.038994	0.0	infeas	0.030996	0.0
939	infeas	0.050992	0.0	infeas	0.039994	0.0
940	infeas	0.053991	0.0	infeas	0.041995	0.0
941	infeas	0.061990	0.0	infeas	0.047992	0.0
942	infeas	0.025997	0.0	infeas	0.025996	0.0
943	infeas	0.047992	0.0	infeas	0.034995	0.0
944	infeas	0.076988	0.0	infeas	0.059992	0.0
945	infeas	0.066990	0.0	infeas	0.046992	0.0
946	infeas	0.052992	0.0	infeas	0.040994	0.0
947	infeas	0.083987	0.0	infeas	0.059991	0.0
948	infeas	0.049993	0.0	infeas	0.037994	0.0
949	infeas	0.061990	0.0	infeas	0.046993	0.0
950	infeas	0.049992	0.0	infeas	0.038995	0.0
951	infeas	0.038994	0.0	infeas	0.030995	0.0
952	infeas	0.039994	0.0	infeas	0.029995	0.0
953	infeas	0.066990	0.0	infeas	0.044993	0.0
954	infeas	0.050992	0.0	infeas	0.039994	0.0
955	infeas	0.042993	0.0	infeas	0.033996	0.0
956	infeas	0.036994	0.0	infeas	0.027996	0.0
957	infeas	0.070989	0.0	infeas	0.053992	0.0
958	solved	3.840416	30.0	solved	0.316951	30.0
959	infeas	0.066991	4.0	infeas	0.051991	4.0
960	infeas	0.031995	4.0	infeas	0.024996	4.0
961	infeas	0.082988	2.0	infeas	0.060991	2.0
962	infeas	0.072989	3.0	infeas	0.055992	3.0
963	infeas	0.083986	0.0	infeas	0.059991	0.0
964	infeas	0.083987	0.0	infeas	0.065991	0.0
965	infeas	0.056991	0.0	infeas	0.044993	0.0
966	infeas	0.062991	0.0	infeas	0.050992	0.0
967	infeas	0.051992	0.0	infeas	0.040994	0.0
968	infeas	0.057991	0.0	infeas	0.042993	0.0
969	infeas	0.080988	0.0	infeas	0.063990	0.0
970	infeas	0.050992	0.0	infeas	0.040994	0.0
971	infeas	0.053992	0.0	infeas	0.041994	0.0
972	solved	5.212208	34.0	solved	0.548916	34.0
973	infeas	0.062990	10.0	infeas	0.049993	10.0
974	solved	2.066685	44.0	solved	0.390941	44.0
975	infeas	0.061991	5.0	infeas	0.047992	5.0
976	solved	2.757581	26.0	solved	0.348947	26.0
977	infeas	0.069989	10.0	infeas	0.056992	10.0
978	solved	6.177061	34.0	solved	0.837872	34.0
979	infeas	0.065990	6.0	infeas	0.052992	6.0
980	infeas	0.056992	0.0	infeas	0.046993	0.0
981	infeas	0.081987	0.0	infeas	0.057991	0.0
982	infeas	0.079988	0.0	infeas	0.062991	0.0
983	solved	2.680592	34.0	solved	0.471928	34.0
984	infeas	0.055992	9.0	infeas	0.042994	9.0
985	infeas	0.063990	8.0	infeas	0.050992	8.0
986	infeas	0.050992	4.0	infeas	0.040994	4.0
987	infeas	0.051992	3.0	infeas	0.040994	3.0
988	infeas	0.043993	3.0	infeas	0.032995	3.0
989	infeas	0.063990	0.0	infeas	0.050992	0.0
990	infeas	4.420329	0.0	infeas	2.055686	0.0
991	infeas	0.059992	0.0	infeas	0.039994	0.0
992	infeas	0.080987	0.0	infeas	0.053992	0.0
993	infeas	0.050993	0.0	infeas	0.040994	0.0
994	infeas	0.047991	0.0	infeas	0.036996	0.0
995	infeas	0.054991	0.0	infeas	0.038994	0.0
996	infeas	0.046993	0.0	infeas	0.035994	0.0
997	infeas	0.032995	0.0	infeas	0.025996	0.0
998	infeas	0.106984	0.0	infeas	0.070989	0.0
999	infeas	0.036995	0.0	infeas	0.028996	0.0
1000	infeas	0.109983	0.0	infeas	0.073989	0.0

session time, 899.722441
session max time, 100000.000000

157	4.049174	157	0.459382	843	0.063779	843	0.047149	0	0.000000	0	0.000000	0.689486	0.111870
