option randseed 1534508846355529;
option randseed 1534508846355529;
duration [*,*]
:    1    2     :=
1     1    1
2     1   -1
3    10   -1
4    17   -1
5    13    7
6    -1   12
7    13   -1
8     5   -1
9     1   -1
10    1    1
11    4    2
12   -1    8
13    1   -1
14    5    3
15    2    1
16   15   -1
17    4   -1
18    1   -1
19   -1    6
20   -1   14
21    1   -1
22   11   -1
23   -1    1
24   11    6
25    3    2
26    1   -1
27   14   -1
28    5    3
29    4   -1
30    1   -1
31    2   -1
32   -1   17
33   -1    9
34   -1    2
35    1    1
36    1   -1
37    8    4
38    5   -1
39    7   -1
40    2    1
;

jobs, 40
depots, 2
techs, 10
skill domains, 2
skill levels, 2
weeks, 2
tech hours, 800
runs, 1000
problem testing: var_leave, var_arrive, var_start, var_twotech,
  var_night_away, var_hours_tech, var_tech_pair, var_late, objective,
  c_tech_min, c_tech_max, c_tech_inout, c_return_home, c_arcs, c_twotech,
  c_pair_balance, c_pair_sym, c_pair_ub, c_tw_arrive, c_tw_leave,
  c_start_time, c_finish_time;
Count	Result	Gurobi	CPLEX	Objective
1	limit	534.174792	0.0	limit	941.678843	0.0
2	infeas	5.814116	0.0	infeas	4.033387	0.0
3	infeas	5.335189	0.0	infeas	3.723434	0.0
4	infeas	4.792271	0.0	infeas	3.304498	0.0
5	infeas	4.916252	0.0	infeas	3.396484	0.0
6	infeas	5.311193	0.0	infeas	3.688439	0.0
7	infeas	5.407179	0.0	infeas	3.766426	0.0
8	infeas	5.458171	0.0	infeas	3.780425	0.0
9	infeas	5.723130	0.0	infeas	3.987394	0.0
10	infeas	5.262200	0.0	infeas	3.670442	0.0
11	infeas	5.116222	0.0	infeas	3.560459	0.0
12	infeas	5.486166	0.0	infeas	3.714436	0.0
13	infeas	4.709283	0.0	infeas	3.282502	0.0
14	infeas	5.714131	0.0	infeas	3.983394	0.0
15	infeas	5.750126	0.0	infeas	4.012390	0.0
16	infeas	4.868260	0.0	infeas	3.415480	0.0
17	infeas	5.470169	0.0	infeas	3.781425	0.0
18	infeas	5.577152	0.0	infeas	3.920404	0.0
19	infeas	5.181212	0.0	infeas	3.609452	0.0
20	infeas	5.245203	0.0	infeas	3.603452	0.0
21	infeas	5.748126	0.0	infeas	4.083379	0.0
22	infeas	5.862108	0.0	infeas	4.069382	0.0
23	infeas	4.720283	0.0	infeas	3.265503	0.0
24	infeas	4.603300	0.0	infeas	3.224510	0.0
25	infeas	4.740280	0.0	infeas	3.311496	0.0
26	infeas	5.138219	0.0	infeas	3.628448	0.0
27	infeas	4.566307	0.0	infeas	3.230508	0.0
28	infeas	5.299195	0.0	infeas	3.705436	0.0
29	infeas	4.946248	0.0	infeas	3.463474	0.0
30	infeas	5.614146	0.0	infeas	3.992393	0.0
31	infeas	5.073229	0.0	infeas	3.609451	0.0
32	infeas	5.497165	0.0	infeas	3.857413	0.0
33	infeas	5.317192	0.0	infeas	3.707436	0.0
34	infeas	5.414177	0.0	infeas	3.722434	0.0
35	infeas	5.719131	0.0	infeas	3.936401	0.0
36	infeas	5.587151	0.0	infeas	3.903407	0.0
37	infeas	6.097073	0.0	infeas	4.252354	0.0
38	limit	554.306732	0.0	limit	720.871410	0.0
39	infeas	5.680138	0.0	infeas	3.956398	0.0
40	infeas	4.895256	0.0	infeas	3.461473	0.0
41	infeas	5.668139	0.0	infeas	3.977395	0.0
42	infeas	5.346187	0.0	infeas	3.736433	0.0
43	infeas	6.074076	0.0	infeas	4.221358	0.0
44	infeas	5.320192	0.0	infeas	3.692438	0.0
45	infeas	5.334189	0.0	infeas	3.721435	0.0
46	infeas	5.632143	0.0	infeas	3.931402	0.0
47	infeas	5.316192	0.0	infeas	3.750430	0.0
48	infeas	5.705133	0.0	infeas	3.990393	0.0
49	infeas	5.091226	0.0	infeas	3.521464	0.0
50	infeas	5.163216	0.0	infeas	3.608452	0.0
51	infeas	5.653140	0.0	infeas	3.905407	0.0
52	infeas	5.423174	0.0	infeas	3.779426	0.0
53	infeas	6.285045	0.0	infeas	4.301345	0.0
54	infeas	6.222055	0.0	infeas	4.305346	0.0
55	infeas	5.004239	0.0	infeas	3.559458	0.0
56	infeas	5.882106	0.0	infeas	4.112375	0.0
57	infeas	5.380183	0.0	infeas	3.755428	0.0
58	infeas	5.230205	0.0	infeas	3.677441	0.0
59	infeas	6.066078	0.0	infeas	4.181364	0.0
60	infeas	5.125221	0.0	infeas	3.564458	0.0
61	infeas	5.582151	0.0	infeas	3.843416	0.0
62	infeas	5.527160	0.0	infeas	3.779425	0.0
63	infeas	5.348187	0.0	infeas	3.715436	0.0
64	infeas	5.593149	0.0	infeas	3.890409	0.0
65	infeas	5.259201	0.0	infeas	3.706435	0.0
66	infeas	5.280198	0.0	infeas	3.661444	0.0
67	infeas	4.963245	0.0	infeas	3.432478	0.0
68	infeas	5.389181	0.0	infeas	3.725433	0.0
69	infeas	5.715132	0.0	infeas	3.970396	0.0
70	infeas	5.359185	0.0	infeas	3.496469	0.0
71	infeas	4.997241	0.0	infeas	3.550460	0.0
72	infeas	5.846111	0.0	infeas	4.038385	0.0
73	infeas	5.128221	0.0	infeas	3.570457	0.0
74	limit	685.690760	0.0	limit	752.500602	0.0
75	infeas	5.433174	0.0	infeas	3.746430	0.0
76	infeas	5.333190	0.0	infeas	3.721434	0.0
77	infeas	4.686288	0.0	infeas	3.263503	0.0
78	infeas	5.611147	0.0	infeas	3.905407	0.0
79	infeas	4.462322	0.0	infeas	3.059534	0.0
80	infeas	5.487166	0.0	infeas	3.812421	0.0
81	infeas	5.527159	0.0	infeas	3.839417	0.0
82	infeas	5.838112	0.0	infeas	4.040386	0.0
83	infeas	5.618145	0.0	infeas	3.906407	0.0
84	infeas	5.485166	0.0	infeas	3.835417	0.0
85	infeas	6.070077	0.0	infeas	4.203361	0.0
86	infeas	5.454171	0.0	infeas	3.785424	0.0
87	infeas	5.742127	0.0	infeas	3.971397	0.0
88	infeas	5.490165	0.0	infeas	3.873411	0.0
89	infeas	5.372184	0.0	infeas	3.716435	0.0
90	infeas	4.678289	0.0	infeas	3.194514	0.0
91	infeas	5.732128	0.0	infeas	4.007391	0.0
92	infeas	5.444173	0.0	infeas	3.756429	0.0
93	infeas	6.198057	0.0	infeas	4.294347	0.0
94	infeas	5.467170	0.0	infeas	3.865411	0.0
95	infeas	5.987090	0.0	infeas	4.138371	0.0
96	infeas	5.648141	0.0	infeas	3.959399	0.0
97	infeas	5.451171	0.0	infeas	3.830418	0.0
98	infeas	5.206208	0.0	infeas	3.600453	0.0
99	infeas	5.733128	0.0	infeas	3.979395	0.0
100	infeas	5.172214	0.0	infeas	3.668442	0.0
101	infeas	5.547157	0.0	infeas	3.850415	0.0
102	infeas	5.286196	0.0	infeas	3.692439	0.0
103	infeas	4.968245	0.0	infeas	3.455474	0.0
104	infeas	5.829114	0.0	infeas	4.174366	0.0
105	infeas	5.184212	0.0	infeas	3.657444	0.0
106	infeas	4.168365	0.0	infeas	2.996545	0.0
107	infeas	5.437174	0.0	infeas	3.800422	0.0
108	infeas	4.983242	0.0	infeas	3.495468	0.0
109	infeas	5.322191	0.0	infeas	3.702438	0.0
110	infeas	5.641142	0.0	infeas	3.897408	0.0
111	infeas	5.432174	0.0	infeas	3.787424	0.0
112	infeas	5.928099	0.0	infeas	4.082380	0.0
113	infeas	6.038082	0.0	infeas	4.160367	0.0
114	infeas	5.153217	0.0	infeas	3.605451	0.0
115	infeas	4.451323	0.0	infeas	3.097529	0.0
116	infeas	5.297196	0.0	infeas	3.613450	0.0
117	infeas	5.786121	0.0	infeas	4.073380	0.0
118	infeas	5.425175	0.0	infeas	3.813421	0.0
119	infeas	4.324343	0.0	infeas	3.015541	0.0
120	infeas	5.568154	0.0	infeas	3.879409	0.0
121	infeas	5.646143	0.0	infeas	3.881410	0.0
122	infeas	5.666138	0.0	infeas	3.949400	0.0
123	infeas	6.123069	0.0	infeas	4.293347	0.0
124	infeas	4.959247	0.0	infeas	3.433477	0.0
125	infeas	6.200058	0.0	infeas	4.273350	0.0
126	infeas	5.617146	0.0	infeas	3.860413	0.0
127	infeas	5.758124	0.0	infeas	4.011391	0.0
128	infeas	5.671138	0.0	infeas	3.910405	0.0
129	infeas	4.698286	0.0	infeas	3.236508	0.0
130	limit	823.194855	0.0	limit	861.835982	0.0
131	infeas	6.082075	0.0	infeas	4.203361	0.0
132	infeas	5.496164	0.0	infeas	3.836418	0.0
133	infeas	5.451170	0.0	infeas	3.798423	0.0
134	infeas	5.619145	0.0	infeas	3.987394	0.0
135	infeas	5.660140	0.0	infeas	4.091378	0.0
136	infeas	5.850111	0.0	infeas	4.063382	0.0
137	infeas	4.919252	0.0	infeas	3.485470	0.0
138	infeas	5.275198	0.0	infeas	3.746431	0.0
139	infeas	5.722130	0.0	infeas	4.016389	0.0
140	infeas	5.903103	0.0	infeas	4.159367	0.0
141	infeas	4.913253	0.0	infeas	3.431479	0.0
142	infeas	6.192058	0.0	infeas	4.375335	0.0
143	infeas	5.393180	0.0	infeas	3.783426	0.0
144	infeas	4.912252	0.0	infeas	3.460474	0.0
145	infeas	5.154217	0.0	infeas	3.692439	0.0
146	infeas	5.384181	0.0	infeas	3.750430	0.0
147	infeas	5.862109	0.0	infeas	4.122373	0.0
148	infeas	5.950095	0.0	infeas	4.158368	0.0
149	infeas	5.915101	0.0	infeas	4.139371	0.0
150	infeas	5.201209	0.0	infeas	3.556459	0.0
151	infeas	5.665139	0.0	infeas	3.771427	0.0
152	infeas	5.723130	0.0	infeas	4.000391	0.0
153	infeas	5.802119	0.0	infeas	4.127373	0.0
154	infeas	5.833112	0.0	infeas	4.039387	0.0
155	infeas	5.380182	0.0	infeas	3.746430	0.0
156	infeas	4.835265	0.0	infeas	3.383485	0.0
157	infeas	5.311193	0.0	infeas	3.551460	0.0
158	infeas	5.527160	0.0	infeas	3.866412	0.0
159	infeas	4.453323	0.0	infeas	3.002544	0.0
160	infeas	5.255201	0.0	infeas	3.687440	0.0
161	infeas	5.279196	0.0	infeas	3.660444	0.0
162	infeas	5.528160	0.0	infeas	3.860413	0.0
163	infeas	5.539158	0.0	infeas	3.923403	0.0
164	infeas	5.413178	0.0	infeas	3.795422	0.0
165	infeas	4.971245	0.0	infeas	3.480470	0.0
166	infeas	5.531160	0.0	infeas	3.853414	0.0
167	infeas	5.703133	0.0	infeas	3.915405	0.0
168	infeas	5.404178	0.0	infeas	3.829418	0.0
169	infeas	5.037234	0.0	infeas	3.529464	0.0
170	infeas	5.348186	0.0	infeas	3.752430	0.0
171	infeas	5.596149	0.0	infeas	3.870411	0.0
172	infeas	5.958096	0.0	infeas	4.152368	0.0
173	infeas	5.264200	0.0	infeas	3.669442	0.0
174	infeas	5.464169	0.0	infeas	3.752430	0.0
175	infeas	5.381181	0.0	infeas	3.734433	0.0
176	infeas	5.332189	0.0	infeas	3.671442	0.0
177	infeas	5.249202	0.0	infeas	3.630448	0.0
178	infeas	5.814117	0.0	infeas	4.042385	0.0
179	infeas	4.575305	0.0	infeas	3.190514	0.0
180	infeas	5.707132	0.0	infeas	3.977396	0.0
181	infeas	6.152065	0.0	infeas	4.309345	0.0
182	infeas	5.871107	0.0	infeas	4.127373	0.0
183	infeas	5.579151	0.0	infeas	3.933403	0.0
184	infeas	5.355185	0.0	infeas	3.716435	0.0
185	infeas	5.331190	0.0	infeas	3.684440	0.0
186	infeas	5.356186	0.0	infeas	3.723434	0.0
187	infeas	5.502163	0.0	infeas	3.803421	0.0
188	infeas	5.035236	0.0	infeas	3.514465	0.0
189	infeas	5.247202	0.0	infeas	3.681441	0.0
190	infeas	4.914252	0.0	infeas	3.475472	0.0
191	infeas	5.238204	0.0	infeas	3.621449	0.0
192	infeas	5.869108	0.0	infeas	4.051384	0.0
193	infeas	5.317192	0.0	infeas	3.669442	0.0
194	infeas	6.091074	0.0	infeas	4.263352	0.0
195	infeas	4.713283	0.0	infeas	3.334494	0.0
196	infeas	5.606147	0.0	infeas	3.943400	0.0
197	infeas	5.122222	0.0	infeas	3.540462	0.0
198	infeas	5.324191	0.0	infeas	3.633447	0.0
199	infeas	5.135220	0.0	infeas	3.563458	0.0
200	infeas	5.599148	0.0	infeas	3.902407	0.0
201	infeas	6.261048	0.0	infeas	4.371336	0.0
202	infeas	5.201209	0.0	infeas	3.654444	0.0
203	infeas	4.993242	0.0	infeas	3.475472	0.0
204	infeas	5.199209	0.0	infeas	3.598453	0.0
205	infeas	6.083075	0.0	infeas	4.298346	0.0
206	infeas	5.995089	0.0	infeas	4.168367	0.0
207	infeas	5.341187	0.0	infeas	3.681441	0.0
208	infeas	5.314192	0.0	infeas	3.707436	0.0
209	infeas	6.154065	0.0	infeas	4.335340	0.0
210	infeas	5.468169	0.0	infeas	3.852414	0.0
211	infeas	5.510163	0.0	infeas	3.909405	0.0
212	infeas	5.981091	0.0	infeas	4.136372	0.0
213	infeas	5.385181	0.0	infeas	3.761429	0.0
214	infeas	5.753124	0.0	infeas	4.100377	0.0
215	infeas	5.294195	0.0	infeas	3.674441	0.0
216	infeas	5.951096	0.0	infeas	4.161367	0.0
217	infeas	5.566154	0.0	infeas	3.945401	0.0
218	infeas	5.376182	0.0	infeas	3.757429	0.0
219	infeas	5.216207	0.0	infeas	3.673442	0.0
220	infeas	5.201209	0.0	infeas	3.599453	0.0
221	infeas	5.709132	0.0	infeas	3.939401	0.0
222	infeas	6.348035	0.0	infeas	4.397332	0.0
223	infeas	5.815115	0.0	infeas	4.000392	0.0
224	infeas	5.628144	0.0	infeas	3.884410	0.0
225	infeas	5.232204	0.0	infeas	3.579456	0.0
226	infeas	4.936250	0.0	infeas	3.453475	0.0
227	infeas	5.078228	0.0	infeas	3.541462	0.0
228	infeas	5.728129	0.0	infeas	3.975395	0.0
229	infeas	5.159216	0.0	infeas	3.585455	0.0
230	infeas	6.374031	0.0	infeas	4.435325	0.0
231	infeas	5.065231	0.0	infeas	3.568457	0.0
232	infeas	5.340188	0.0	infeas	3.713435	0.0
233	infeas	5.291196	0.0	infeas	3.701438	0.0
234	infeas	5.490165	0.0	infeas	3.788424	0.0
235	infeas	6.271046	0.0	infeas	4.310345	0.0
236	infeas	5.406179	0.0	infeas	3.718435	0.0
237	infeas	5.936097	0.0	infeas	4.119373	0.0
238	infeas	5.167215	0.0	infeas	3.609451	0.0
239	infeas	5.465169	0.0	infeas	3.866413	0.0
240	infeas	5.304194	0.0	infeas	3.683440	0.0
241	infeas	5.533158	0.0	infeas	3.877411	0.0
242	infeas	5.186212	0.0	infeas	3.676441	0.0
243	infeas	5.419176	0.0	infeas	3.794422	0.0
244	infeas	5.529160	0.0	infeas	3.836417	0.0
245	infeas	5.158216	0.0	infeas	3.616450	0.0
246	infeas	5.761125	0.0	infeas	4.051384	0.0
247	infeas	5.554155	0.0	infeas	3.810421	0.0
248	infeas	5.466169	0.0	infeas	3.769427	0.0
249	infeas	5.984090	0.0	infeas	4.099377	0.0
250	infeas	5.439173	0.0	infeas	3.764428	0.0
251	infeas	4.978243	0.0	infeas	3.524464	0.0
252	infeas	4.788272	0.0	infeas	3.380486	0.0
253	infeas	5.881106	0.0	infeas	4.066382	0.0
254	infeas	5.685136	0.0	infeas	3.958398	0.0
255	infeas	4.566306	0.0	infeas	3.135523	0.0
256	infeas	5.589151	0.0	infeas	3.874411	0.0
257	infeas	5.475167	0.0	infeas	3.786424	0.0
258	infeas	5.611148	0.0	infeas	3.909405	0.0
259	infeas	5.359185	0.0	infeas	3.752430	0.0
260	infeas	5.063230	0.0	infeas	3.500468	0.0
261	infeas	5.026236	0.0	infeas	3.491469	0.0
262	infeas	6.584999	0.0	infeas	4.604300	0.0
263	infeas	5.173213	0.0	infeas	3.595454	0.0
264	infeas	5.005239	0.0	infeas	3.467473	0.0
265	infeas	5.116223	0.0	infeas	3.545460	0.0
266	infeas	6.123069	0.0	infeas	4.261353	0.0
267	infeas	5.320190	0.0	infeas	3.738433	0.0
268	infeas	5.808116	0.0	infeas	4.081380	0.0
269	infeas	5.962094	0.0	infeas	4.174365	0.0
270	infeas	4.749278	0.0	infeas	3.358489	0.0
271	infeas	5.092226	0.0	infeas	3.523464	0.0
272	infeas	5.595150	0.0	infeas	3.880410	0.0
273	infeas	5.551156	0.0	infeas	3.876411	0.0
274	infeas	5.393180	0.0	infeas	3.784425	0.0
275	infeas	5.555156	0.0	infeas	3.808420	0.0
276	infeas	4.815269	0.0	infeas	3.351490	0.0
277	infeas	5.881106	0.0	infeas	4.067382	0.0
278	infeas	5.379182	0.0	infeas	3.779425	0.0
279	infeas	5.060230	0.0	infeas	3.524464	0.0
280	infeas	5.530160	0.0	infeas	3.834417	0.0
281	infeas	5.315192	0.0	infeas	3.702438	0.0
282	infeas	5.729128	0.0	infeas	3.984394	0.0
283	infeas	5.109224	0.0	infeas	3.596453	0.0
284	infeas	5.501164	0.0	infeas	3.867412	0.0
285	infeas	5.446173	0.0	infeas	3.749429	0.0
286	infeas	5.287197	0.0	infeas	3.680440	0.0
287	infeas	5.053232	0.0	infeas	3.612451	0.0
288	infeas	5.553155	0.0	infeas	3.883410	0.0
289	infeas	6.003088	0.0	infeas	4.185363	0.0
290	infeas	5.858109	0.0	infeas	4.077380	0.0
291	infeas	5.447173	0.0	infeas	3.809421	0.0
292	infeas	5.585150	0.0	infeas	3.888409	0.0
293	infeas	5.099225	0.0	infeas	3.566458	0.0
294	infeas	5.233204	0.0	infeas	3.534463	0.0
295	infeas	6.161064	0.0	infeas	4.264351	0.0
296	infeas	5.218207	0.0	infeas	3.603452	0.0
297	infeas	6.057079	0.0	infeas	4.191363	0.0
298	infeas	5.764124	0.0	infeas	4.007391	0.0
299	infeas	5.409177	0.0	infeas	3.779426	0.0
300	infeas	5.069229	0.0	infeas	3.525464	0.0
301	infeas	5.371183	0.0	infeas	3.755429	0.0
302	infeas	4.931250	0.0	infeas	3.418481	0.0
303	infeas	4.965245	0.0	infeas	3.653445	0.0
304	infeas	4.989242	0.0	infeas	3.455475	0.0
305	infeas	5.542157	0.0	infeas	3.852414	0.0
306	infeas	5.883106	0.0	infeas	4.075380	0.0
307	infeas	5.747126	0.0	infeas	4.035387	0.0
308	infeas	5.747126	0.0	infeas	3.949399	0.0
309	limit	923.686579	0.0	limit	847.936094	0.0
310	infeas	5.117222	0.0	infeas	3.627449	0.0
311	infeas	5.778122	0.0	infeas	4.027387	0.0
312	infeas	5.468169	0.0	infeas	3.749429	0.0
313	infeas	5.427175	0.0	infeas	3.867413	0.0
314	infeas	5.317192	0.0	infeas	3.659443	0.0
315	infeas	5.350187	0.0	infeas	3.684439	0.0
316	infeas	5.605149	0.0	infeas	3.863412	0.0
317	infeas	5.864109	0.0	infeas	4.031387	0.0
318	infeas	5.062230	0.0	infeas	3.598454	0.0
319	infeas	5.377181	0.0	infeas	3.721435	0.0
320	infeas	5.099225	0.0	infeas	3.525464	0.0
321	infeas	5.142218	0.0	infeas	3.563459	0.0
322	infeas	4.998240	0.0	infeas	3.483470	0.0
323	infeas	5.381182	0.0	infeas	3.729433	0.0
324	infeas	5.428175	0.0	infeas	3.843416	0.0
325	infeas	5.345187	0.0	infeas	3.750429	0.0
326	infeas	5.743128	0.0	infeas	4.004391	0.0
327	infeas	5.321191	0.0	infeas	3.725434	0.0
328	infeas	4.751277	0.0	infeas	3.345492	0.0
329	infeas	5.949095	0.0	infeas	4.122373	0.0
330	infeas	5.627145	0.0	infeas	3.927403	0.0
331	infeas	5.061231	0.0	infeas	3.556459	0.0
332	infeas	4.687287	0.0	infeas	3.298498	0.0
333	infeas	5.186212	0.0	infeas	3.621450	0.0
334	infeas	6.033083	0.0	infeas	4.218358	0.0
335	infeas	5.566155	0.0	infeas	3.959398	0.0
336	infeas	4.630296	0.0	infeas	3.283500	0.0
337	infeas	5.692135	0.0	infeas	3.959398	0.0
338	infeas	5.515161	0.0	infeas	3.841416	0.0
339	infeas	5.700134	0.0	infeas	3.943401	0.0
340	infeas	5.975092	0.0	infeas	4.129372	0.0
341	infeas	6.166063	0.0	infeas	4.267351	0.0
342	infeas	5.097224	0.0	infeas	3.551461	0.0
343	infeas	5.125221	0.0	infeas	3.522464	0.0
344	infeas	5.838112	0.0	infeas	4.070381	0.0
345	infeas	4.899255	0.0	infeas	3.398484	0.0
346	infeas	5.836112	0.0	infeas	4.091379	0.0
347	infeas	5.062230	0.0	infeas	3.437478	0.0
348	infeas	4.512314	0.0	infeas	3.150521	0.0
349	infeas	5.291195	0.0	infeas	3.669442	0.0
350	infeas	5.234205	0.0	infeas	3.643446	0.0
351	infeas	5.486166	0.0	infeas	3.844416	0.0
352	infeas	5.879106	0.0	infeas	4.133372	0.0
353	infeas	5.406178	0.0	infeas	3.762428	0.0
354	infeas	5.523160	0.0	infeas	3.746430	0.0
355	infeas	4.982243	0.0	infeas	3.457475	0.0
356	infeas	5.831113	0.0	infeas	4.002392	0.0
357	infeas	6.211055	0.0	infeas	4.266351	0.0
358	infeas	6.064079	0.0	infeas	4.165367	0.0
359	infeas	5.267199	0.0	infeas	3.660444	0.0
360	infeas	5.418176	0.0	infeas	3.761427	0.0
361	infeas	5.019238	0.0	infeas	3.496469	0.0
362	infeas	5.007238	0.0	infeas	3.494469	0.0
363	infeas	5.162216	0.0	infeas	3.571456	0.0
364	infeas	6.383030	0.0	infeas	4.434326	0.0
365	infeas	5.234204	0.0	infeas	3.634447	0.0
366	infeas	5.395180	0.0	infeas	3.754429	0.0
367	infeas	5.567154	0.0	infeas	3.808421	0.0
368	infeas	5.810116	0.0	infeas	4.047386	0.0
369	infeas	5.664138	0.0	infeas	3.904407	0.0
370	infeas	5.497164	0.0	infeas	3.835418	0.0
371	infeas	6.288043	0.0	infeas	4.443325	0.0
372	infeas	6.178060	0.0	infeas	4.388334	0.0
373	infeas	4.512314	0.0	infeas	3.196514	0.0
374	infeas	5.153216	0.0	infeas	3.584455	0.0
375	infeas	6.065079	0.0	infeas	4.134370	0.0
376	infeas	5.611147	0.0	infeas	3.909406	0.0
377	infeas	5.375183	0.0	infeas	3.764428	0.0
378	infeas	5.931098	0.0	infeas	4.197362	0.0
379	infeas	5.225206	0.0	infeas	3.666442	0.0
380	infeas	5.100225	0.0	infeas	3.518465	0.0
381	infeas	5.791120	0.0	infeas	3.977395	0.0
382	infeas	5.558155	0.0	infeas	3.841416	0.0
383	infeas	5.368184	0.0	infeas	3.762428	0.0
384	infeas	4.635296	0.0	infeas	3.233508	0.0
385	infeas	5.128220	0.0	infeas	3.513466	0.0
386	infeas	5.839112	0.0	infeas	4.107376	0.0
387	infeas	5.245203	0.0	infeas	3.726433	0.0
388	infeas	5.549156	0.0	infeas	3.856415	0.0
389	infeas	5.550155	0.0	infeas	3.891409	0.0
390	infeas	4.628296	0.0	infeas	3.193515	0.0
391	infeas	5.580152	0.0	infeas	3.889408	0.0
392	infeas	6.431022	0.0	infeas	4.471320	0.0
393	infeas	5.074229	0.0	infeas	3.555460	0.0
394	infeas	4.744279	0.0	infeas	3.333493	0.0
395	infeas	4.965245	0.0	infeas	3.437478	0.0
396	infeas	5.829113	0.0	infeas	4.008391	0.0
397	infeas	6.113070	0.0	infeas	4.225358	0.0
398	limit	599.832812	0.0	limit	751.917691	0.0
399	infeas	5.408177	0.0	infeas	3.870412	0.0
400	infeas	5.297195	0.0	infeas	3.724434	0.0
401	infeas	5.269199	0.0	infeas	3.693438	0.0
402	infeas	5.241204	0.0	infeas	3.597452	0.0
403	infeas	5.658140	0.0	infeas	3.904407	0.0
404	infeas	5.035235	0.0	infeas	3.488469	0.0
405	infeas	5.785121	0.0	infeas	3.979395	0.0
406	infeas	5.704132	0.0	infeas	3.899408	0.0
407	infeas	5.978091	0.0	infeas	4.158368	0.0
408	infeas	5.124220	0.0	infeas	3.622450	0.0
409	infeas	5.842112	0.0	infeas	4.086379	0.0
410	infeas	5.399179	0.0	infeas	3.714435	0.0
411	infeas	5.612147	0.0	infeas	3.861413	0.0
412	infeas	5.415177	0.0	infeas	3.712436	0.0
413	infeas	5.190211	0.0	infeas	3.587454	0.0
414	infeas	5.069230	0.0	infeas	3.510466	0.0
415	infeas	5.552156	0.0	infeas	3.824418	0.0
416	infeas	6.388029	0.0	infeas	4.383333	0.0
417	infeas	6.189060	0.0	infeas	4.322343	0.0
418	infeas	5.539157	0.0	infeas	3.753430	0.0
419	infeas	5.737128	0.0	infeas	3.936401	0.0
420	infeas	5.897104	0.0	infeas	4.086379	0.0
421	infeas	5.251201	0.0	infeas	3.659444	0.0
422	infeas	5.939098	0.0	infeas	4.145369	0.0
423	infeas	6.002088	0.0	infeas	4.174365	0.0
424	infeas	6.073077	0.0	infeas	4.184364	0.0
425	infeas	5.522160	0.0	infeas	3.862413	0.0
426	infeas	6.181060	0.0	infeas	4.356338	0.0
427	infeas	4.939249	0.0	infeas	3.388485	0.0
428	infeas	5.098225	0.0	infeas	3.569458	0.0
429	infeas	5.440172	0.0	infeas	3.810421	0.0
430	infeas	5.456170	0.0	infeas	3.815421	0.0
431	infeas	5.372183	0.0	infeas	3.748430	0.0
432	infeas	5.783120	0.0	infeas	4.042386	0.0
433	infeas	5.099225	0.0	infeas	3.595453	0.0
434	infeas	6.107072	0.0	infeas	4.297347	0.0
435	infeas	5.438173	0.0	infeas	3.788424	0.0
436	infeas	5.791120	0.0	infeas	4.039386	0.0
437	infeas	5.990090	0.0	infeas	4.206360	0.0
438	infeas	5.524160	0.0	infeas	3.760429	0.0
439	infeas	5.455170	0.0	infeas	3.839416	0.0
440	infeas	5.436174	0.0	infeas	3.827418	0.0
441	infeas	5.487166	0.0	infeas	3.877410	0.0
442	infeas	5.251201	0.0	infeas	3.773427	0.0
443	infeas	5.657140	0.0	infeas	3.953399	0.0
444	infeas	4.586303	0.0	infeas	3.252505	0.0
445	infeas	4.812269	0.0	infeas	3.355490	0.0
446	infeas	5.296195	0.0	infeas	3.663443	0.0
447	infeas	6.073076	0.0	infeas	4.221359	0.0
448	infeas	5.077228	0.0	infeas	3.611451	0.0
449	infeas	5.727129	0.0	infeas	3.986394	0.0
450	infeas	5.180213	0.0	infeas	3.693438	0.0
451	infeas	5.666139	0.0	infeas	3.929403	0.0
452	infeas	5.575152	0.0	infeas	3.915405	0.0
453	infeas	5.226205	0.0	infeas	3.611451	0.0
454	infeas	5.271199	0.0	infeas	3.693438	0.0
455	infeas	5.199210	0.0	infeas	3.595453	0.0
456	infeas	5.813116	0.0	infeas	4.104377	0.0
457	infeas	5.857109	0.0	infeas	4.052384	0.0
458	infeas	5.153217	0.0	infeas	3.639447	0.0
459	infeas	5.478166	0.0	infeas	3.774427	0.0
460	infeas	5.517161	0.0	infeas	3.871412	0.0
461	infeas	4.744278	0.0	infeas	3.317496	0.0
462	infeas	5.294196	0.0	infeas	3.686439	0.0
463	infeas	6.064078	0.0	infeas	4.147369	0.0
464	infeas	5.513162	0.0	infeas	3.749430	0.0
465	infeas	5.908102	0.0	infeas	4.134372	0.0
466	infeas	5.372182	0.0	infeas	3.769427	0.0
467	infeas	5.044234	0.0	infeas	3.509467	0.0
468	infeas	5.690134	0.0	infeas	3.940402	0.0
469	infeas	5.520160	0.0	infeas	3.863413	0.0
470	infeas	4.995241	0.0	infeas	3.496468	0.0
471	infeas	5.277198	0.0	infeas	3.731432	0.0
472	infeas	6.403027	0.0	infeas	4.479319	0.0
473	infeas	5.819116	0.0	infeas	4.142370	0.0
474	infeas	5.958094	0.0	infeas	4.150369	0.0
475	infeas	5.758124	0.0	infeas	4.011391	0.0
476	infeas	5.533159	0.0	infeas	3.803421	0.0
477	infeas	5.333190	0.0	infeas	3.703437	0.0
478	infeas	5.723130	0.0	infeas	3.988393	0.0
479	infeas	6.363033	0.0	infeas	4.390333	0.0
480	infeas	5.423175	0.0	infeas	3.809421	0.0
481	infeas	5.593150	0.0	infeas	3.885409	0.0
482	infeas	5.257201	0.0	infeas	3.659444	0.0
483	infeas	6.252049	0.0	infeas	4.346339	0.0
484	infeas	6.035083	0.0	infeas	4.128372	0.0
485	infeas	5.899103	0.0	infeas	4.109375	0.0
486	infeas	5.311194	0.0	infeas	3.704436	0.0
487	infeas	5.538158	0.0	infeas	3.859414	0.0
488	infeas	5.298194	0.0	infeas	3.648445	0.0
489	infeas	5.298195	0.0	infeas	3.692438	0.0
490	infeas	5.562155	0.0	infeas	3.884409	0.0
491	infeas	5.350187	0.0	infeas	3.693438	0.0
492	infeas	4.524313	0.0	infeas	3.097529	0.0
493	infeas	5.704133	0.0	infeas	4.015389	0.0
494	infeas	4.792271	0.0	infeas	3.332494	0.0
495	infeas	5.999088	0.0	infeas	4.209360	0.0
496	infeas	5.323191	0.0	infeas	3.762428	0.0
497	infeas	6.070077	0.0	infeas	4.285349	0.0
498	infeas	4.242355	0.0	infeas	3.003543	0.0
499	infeas	5.200210	0.0	infeas	3.652445	0.0
500	infeas	5.452170	0.0	infeas	3.769427	0.0
501	infeas	5.624146	0.0	infeas	3.895408	0.0
502	infeas	5.474167	0.0	infeas	3.824419	0.0
503	infeas	6.057079	0.0	infeas	4.264351	0.0
504	infeas	5.439173	0.0	infeas	3.724434	0.0
505	infeas	5.006239	0.0	infeas	3.528464	0.0
506	infeas	5.149217	0.0	infeas	3.593454	0.0
507	infeas	5.533159	0.0	infeas	3.852414	0.0
508	infeas	5.518161	0.0	infeas	3.830418	0.0
509	infeas	5.802118	0.0	infeas	4.009390	0.0
510	infeas	5.126221	0.0	infeas	3.602452	0.0
511	infeas	5.176214	0.0	infeas	3.657444	0.0
512	infeas	5.015237	0.0	infeas	3.558459	0.0
513	infeas	5.637143	0.0	infeas	3.950400	0.0
514	infeas	5.492165	0.0	infeas	3.802422	0.0
515	infeas	4.832265	0.0	infeas	3.332493	0.0
516	infeas	6.249050	0.0	infeas	4.309345	0.0
517	infeas	5.885106	0.0	infeas	4.057383	0.0
518	infeas	5.708132	0.0	infeas	3.961397	0.0
519	infeas	6.318040	0.0	infeas	4.360337	0.0
520	infeas	4.862261	0.0	infeas	3.412481	0.0
521	infeas	5.612147	0.0	infeas	3.943400	0.0
522	infeas	5.159217	0.0	infeas	3.562458	0.0
523	infeas	4.542310	0.0	infeas	3.222509	0.0
524	infeas	5.503164	0.0	infeas	3.818419	0.0
525	infeas	5.564154	0.0	infeas	3.926404	0.0
526	infeas	5.393179	0.0	infeas	3.690439	0.0
527	infeas	4.817269	0.0	infeas	3.388484	0.0
528	infeas	5.511162	0.0	infeas	3.881410	0.0
529	infeas	5.981091	0.0	infeas	4.171365	0.0
530	infeas	5.633144	0.0	infeas	3.884410	0.0
531	infeas	4.837265	0.0	infeas	3.340492	0.0
532	infeas	4.837265	0.0	infeas	3.352490	0.0
533	infeas	5.781121	0.0	infeas	4.004391	0.0
534	infeas	4.934250	0.0	infeas	3.423480	0.0
535	infeas	5.187211	0.0	infeas	3.635447	0.0
536	infeas	5.888105	0.0	infeas	4.105376	0.0
537	infeas	5.912101	0.0	infeas	4.082379	0.0
538	infeas	4.897256	0.0	infeas	3.392485	0.0
539	infeas	4.980242	0.0	infeas	3.460474	0.0
540	infeas	4.843264	0.0	infeas	3.335493	0.0
541	infeas	5.703133	0.0	infeas	3.966397	0.0
542	infeas	5.525160	0.0	infeas	3.812420	0.0
543	infeas	5.765124	0.0	infeas	3.967397	0.0
544	infeas	5.431174	0.0	infeas	3.787425	0.0
545	infeas	5.112222	0.0	infeas	3.540462	0.0
546	infeas	5.045233	0.0	infeas	3.524464	0.0
547	infeas	6.487014	0.0	infeas	4.512314	0.0
548	infeas	5.203208	0.0	infeas	3.642448	0.0
549	infeas	5.456170	0.0	infeas	3.801422	0.0
550	infeas	5.855109	0.0	infeas	4.085380	0.0
551	infeas	4.951247	0.0	infeas	3.488470	0.0
552	infeas	5.344188	0.0	infeas	3.741430	0.0
553	infeas	5.673138	0.0	infeas	3.969396	0.0
554	limit	643.910111	0.0	limit	719.911557	0.0
555	infeas	5.931099	0.0	infeas	4.171365	0.0
556	infeas	5.910101	0.0	infeas	4.084380	0.0
557	infeas	5.395180	0.0	infeas	3.718434	0.0
558	infeas	5.321192	0.0	infeas	3.713435	0.0
559	infeas	5.916100	0.0	infeas	4.124374	0.0
560	infeas	5.572153	0.0	infeas	3.816419	0.0
561	infeas	5.850111	0.0	infeas	4.092378	0.0
562	infeas	5.620145	0.0	infeas	3.958399	0.0
563	infeas	5.190211	0.0	infeas	3.640446	0.0
564	infeas	5.581152	0.0	infeas	3.888409	0.0
565	infeas	5.507162	0.0	infeas	3.802422	0.0
566	infeas	4.843264	0.0	infeas	3.383485	0.0
567	infeas	5.745127	0.0	infeas	3.982395	0.0
568	infeas	5.358185	0.0	infeas	3.737432	0.0
569	infeas	5.165215	0.0	infeas	3.616451	0.0
570	infeas	5.277197	0.0	infeas	3.694439	0.0
571	infeas	5.608147	0.0	infeas	3.824418	0.0
572	infeas	5.140219	0.0	infeas	3.562458	0.0
573	infeas	5.478167	0.0	infeas	3.885410	0.0
574	infeas	5.680136	0.0	infeas	3.947400	0.0
575	infeas	5.779122	0.0	infeas	4.094378	0.0
576	infeas	6.046080	0.0	infeas	4.267351	0.0
577	infeas	5.623145	0.0	infeas	3.925404	0.0
578	infeas	6.029083	0.0	infeas	4.187363	0.0
579	infeas	5.447173	0.0	infeas	3.768426	0.0
580	infeas	6.413025	0.0	infeas	4.426328	0.0
581	infeas	5.305193	0.0	infeas	3.757429	0.0
582	infeas	4.484319	0.0	infeas	3.156519	0.0
583	infeas	4.784273	0.0	infeas	3.301498	0.0
584	infeas	5.850111	0.0	infeas	4.074380	0.0
585	infeas	5.881107	0.0	infeas	4.114374	0.0
586	infeas	6.249049	0.0	infeas	4.349340	0.0
587	infeas	5.848111	0.0	infeas	4.065382	0.0
588	infeas	5.919100	0.0	infeas	4.125373	0.0
589	infeas	5.083227	0.0	infeas	3.510466	0.0
590	infeas	5.624145	0.0	infeas	3.885409	0.0
591	infeas	5.550156	0.0	infeas	3.930403	0.0
592	infeas	5.538159	0.0	infeas	3.828417	0.0
593	infeas	5.482166	0.0	infeas	3.843417	0.0
594	infeas	5.635143	0.0	infeas	3.951399	0.0
595	infeas	5.461170	0.0	infeas	3.809421	0.0
596	infeas	4.506315	0.0	infeas	3.157520	0.0
597	infeas	5.765124	0.0	infeas	4.041385	0.0
598	infeas	5.180212	0.0	infeas	3.620450	0.0
599	infeas	5.612147	0.0	infeas	3.899407	0.0
600	infeas	6.222055	0.0	infeas	4.333341	0.0
601	infeas	5.060231	0.0	infeas	3.528463	0.0
602	infeas	5.257200	0.0	infeas	3.674442	0.0
603	infeas	5.202209	0.0	infeas	3.596454	0.0
604	infeas	5.545156	0.0	infeas	3.844416	0.0
605	infeas	5.300195	0.0	infeas	3.692437	0.0
606	infeas	5.298196	0.0	infeas	3.655444	0.0
607	infeas	5.414176	0.0	infeas	3.763428	0.0
608	infeas	6.246051	0.0	infeas	4.352338	0.0
609	infeas	5.646142	0.0	infeas	3.973396	0.0
610	infeas	5.266199	0.0	infeas	3.672442	0.0
611	infeas	5.766124	0.0	infeas	4.008390	0.0
612	infeas	4.949248	0.0	infeas	3.442476	0.0
613	infeas	5.349187	0.0	infeas	3.765428	0.0
614	infeas	5.218206	0.0	infeas	3.579456	0.0
615	infeas	5.890105	0.0	infeas	4.080379	0.0
616	infeas	5.102225	0.0	infeas	3.582455	0.0
617	infeas	5.089227	0.0	infeas	3.538462	0.0
618	infeas	5.705133	0.0	infeas	3.947399	0.0
619	infeas	5.256201	0.0	infeas	3.682441	0.0
620	infeas	5.829114	0.0	infeas	4.019389	0.0
621	infeas	5.391179	0.0	infeas	3.743432	0.0
622	infeas	5.230204	0.0	infeas	3.673442	0.0
623	limit	715.149280	0.0	limit	813.327356	0.0
624	infeas	5.573153	0.0	infeas	3.865412	0.0
625	infeas	5.017237	0.0	infeas	3.456475	0.0
626	infeas	5.870108	0.0	infeas	4.082379	0.0
627	infeas	5.377182	0.0	infeas	3.707437	0.0
628	infeas	5.025236	0.0	infeas	3.503468	0.0
629	infeas	5.772122	0.0	infeas	4.046385	0.0
630	infeas	5.334188	0.0	infeas	3.702438	0.0
631	infeas	5.038234	0.0	infeas	3.520464	0.0
632	infeas	5.844113	0.0	infeas	4.106375	0.0
633	infeas	5.071229	0.0	infeas	3.595453	0.0
634	infeas	5.413177	0.0	infeas	3.705437	0.0
635	infeas	6.818964	0.0	infeas	4.701285	0.0
636	infeas	5.860109	0.0	infeas	4.080380	0.0
637	infeas	5.802118	0.0	infeas	4.028388	0.0
638	infeas	5.429174	0.0	infeas	3.826418	0.0
639	infeas	5.521161	0.0	infeas	3.862413	0.0
640	infeas	6.075077	0.0	infeas	4.251353	0.0
641	infeas	5.442172	0.0	infeas	3.771428	0.0
642	infeas	5.688134	0.0	infeas	4.002392	0.0
643	infeas	5.782121	0.0	infeas	4.001391	0.0
644	limit	686.817589	0.0	limit	787.594267	0.0
645	infeas	5.829114	0.0	infeas	4.058383	0.0
646	infeas	5.714131	0.0	infeas	3.958398	0.0
647	infeas	5.848111	0.0	infeas	4.103376	0.0
648	infeas	5.588151	0.0	infeas	3.889409	0.0
649	infeas	5.057231	0.0	infeas	3.549461	0.0
650	infeas	5.631143	0.0	infeas	3.922404	0.0
651	infeas	6.102072	0.0	infeas	4.261352	0.0
652	infeas	5.973092	0.0	infeas	4.112375	0.0
653	infeas	5.060231	0.0	infeas	3.499468	0.0
654	infeas	4.906255	0.0	infeas	3.437476	0.0
655	infeas	5.787121	0.0	infeas	4.055383	0.0
656	infeas	5.969093	0.0	infeas	4.103376	0.0
657	infeas	5.013238	0.0	infeas	3.537462	0.0
658	infeas	5.324191	0.0	infeas	3.701437	0.0
659	infeas	5.218206	0.0	infeas	3.565458	0.0
660	infeas	4.420329	0.0	infeas	3.093530	0.0
661	infeas	5.860109	0.0	infeas	4.060383	0.0
662	infeas	5.710132	0.0	infeas	3.965396	0.0
663	infeas	5.432175	0.0	infeas	3.864412	0.0
664	infeas	5.569154	0.0	infeas	3.879410	0.0
665	infeas	5.093226	0.0	infeas	3.570456	0.0
666	infeas	5.982091	0.0	infeas	4.104376	0.0
667	infeas	5.537158	0.0	infeas	3.913406	0.0
668	infeas	5.294195	0.0	infeas	3.684440	0.0
669	infeas	5.550156	0.0	infeas	3.932402	0.0
670	infeas	5.379183	0.0	infeas	3.748430	0.0
671	infeas	5.127220	0.0	infeas	3.566457	0.0
672	infeas	5.076230	0.0	infeas	3.552459	0.0
673	infeas	5.294195	0.0	infeas	4.200361	0.0
674	infeas	6.165064	0.0	infeas	4.285348	0.0
675	infeas	6.003088	0.0	infeas	4.276350	0.0
676	infeas	5.525159	0.0	infeas	3.827419	0.0
677	infeas	5.127220	0.0	infeas	3.659443	0.0
678	infeas	5.507163	0.0	infeas	3.807422	0.0
679	infeas	4.637295	0.0	infeas	3.234508	0.0
680	infeas	4.642294	0.0	infeas	3.290500	0.0
681	infeas	4.939249	0.0	infeas	3.423480	0.0
682	infeas	5.397179	0.0	infeas	3.809421	0.0
683	infeas	4.653292	0.0	infeas	3.261505	0.0
684	infeas	4.774274	0.0	infeas	3.305497	0.0
685	infeas	5.176214	0.0	infeas	3.576456	0.0
686	infeas	4.994241	0.0	infeas	3.484470	0.0
687	infeas	5.234204	0.0	infeas	3.591454	0.0
688	infeas	5.628144	0.0	infeas	3.901407	0.0
689	infeas	5.680137	0.0	infeas	3.968397	0.0
690	infeas	5.890104	0.0	infeas	4.128373	0.0
691	infeas	5.527160	0.0	infeas	4.014389	0.0
692	infeas	5.388181	0.0	infeas	3.721434	0.0
693	infeas	5.770123	0.0	infeas	4.049384	0.0
694	infeas	5.643143	0.0	infeas	3.920404	0.0
695	infeas	5.652141	0.0	infeas	3.992392	0.0
696	infeas	5.867109	0.0	infeas	4.051384	0.0
697	infeas	5.447172	0.0	infeas	3.745430	0.0
698	infeas	5.332190	0.0	infeas	3.712435	0.0
699	infeas	5.508163	0.0	infeas	3.839416	0.0
700	infeas	5.679137	0.0	infeas	3.958398	0.0
701	infeas	5.392180	0.0	infeas	3.739432	0.0
702	infeas	5.370183	0.0	infeas	3.737432	0.0
703	infeas	4.728281	0.0	infeas	3.305498	0.0
704	infeas	5.230205	0.0	infeas	3.604452	0.0
705	infeas	5.668138	0.0	infeas	3.904406	0.0
706	infeas	5.566154	0.0	infeas	3.953400	0.0
707	infeas	5.731128	0.0	infeas	3.949400	0.0
708	infeas	5.065229	0.0	infeas	3.550461	0.0
709	infeas	5.654140	0.0	infeas	3.948400	0.0
710	infeas	5.777121	0.0	infeas	3.986394	0.0
711	infeas	5.869108	0.0	infeas	4.084380	0.0
712	infeas	5.020236	0.0	infeas	3.500468	0.0
713	infeas	5.315193	0.0	infeas	3.722434	0.0
714	infeas	4.957246	0.0	infeas	3.477471	0.0
715	infeas	5.298195	0.0	infeas	3.710435	0.0
716	infeas	5.034236	0.0	infeas	3.569457	0.0
717	infeas	5.422175	0.0	infeas	3.736432	0.0
718	infeas	4.919253	0.0	infeas	3.450475	0.0
719	infeas	5.726130	0.0	infeas	3.979395	0.0
720	infeas	5.774121	0.0	infeas	4.012391	0.0
721	infeas	5.389180	0.0	infeas	3.756429	0.0
722	infeas	4.910254	0.0	infeas	3.425479	0.0
723	infeas	6.143066	0.0	infeas	4.316344	0.0
724	infeas	5.971093	0.0	infeas	4.140370	0.0
725	infeas	4.978243	0.0	infeas	3.462474	0.0
726	infeas	5.465169	0.0	infeas	3.841416	0.0
727	infeas	5.610147	0.0	infeas	3.857413	0.0
728	infeas	5.588151	0.0	infeas	3.857413	0.0
729	infeas	5.258201	0.0	infeas	3.655444	0.0
730	infeas	6.000088	0.0	infeas	4.233357	0.0
731	infeas	6.075077	0.0	infeas	4.203360	0.0
732	infeas	5.941097	0.0	infeas	4.144370	0.0
733	infeas	5.156216	0.0	infeas	3.560458	0.0
734	infeas	5.494166	0.0	infeas	3.777426	0.0
735	infeas	5.906102	0.0	infeas	4.151369	0.0
736	infeas	4.897255	0.0	infeas	3.410482	0.0
737	infeas	5.385181	0.0	infeas	3.758428	0.0
738	infeas	5.261200	0.0	infeas	3.635448	0.0
739	infeas	5.129220	0.0	infeas	3.575457	0.0
740	infeas	5.512161	0.0	infeas	3.806422	0.0
741	infeas	6.075077	0.0	infeas	4.244354	0.0
742	infeas	4.831266	0.0	infeas	3.360489	0.0
743	infeas	5.751125	0.0	infeas	3.999393	0.0
744	infeas	5.289196	0.0	infeas	3.707436	0.0
745	infeas	5.433174	0.0	infeas	3.775426	0.0
746	infeas	5.360185	0.0	infeas	3.771426	0.0
747	infeas	5.328191	0.0	infeas	3.871412	0.0
748	infeas	5.123220	0.0	infeas	3.577457	0.0
749	infeas	5.089225	0.0	infeas	3.522466	0.0
750	infeas	4.624296	0.0	infeas	3.255506	0.0
751	infeas	5.406178	0.0	infeas	3.780424	0.0
752	infeas	5.074230	0.0	infeas	3.575456	0.0
753	infeas	5.726129	0.0	infeas	3.951400	0.0
754	infeas	5.176212	0.0	infeas	3.626449	0.0
755	infeas	5.352187	0.0	infeas	3.717434	0.0
756	infeas	5.309194	0.0	infeas	3.683440	0.0
757	infeas	5.340188	0.0	infeas	3.623449	0.0
758	infeas	6.400027	0.0	infeas	4.444324	0.0
759	infeas	5.188212	0.0	infeas	3.574456	0.0
760	infeas	4.107376	0.0	infeas	2.894560	0.0
761	infeas	4.915253	0.0	infeas	3.460474	0.0
762	infeas	5.516161	0.0	infeas	3.855413	0.0
763	infeas	6.024085	0.0	infeas	4.180364	0.0
764	infeas	4.985242	0.0	infeas	3.474473	0.0
765	infeas	5.065229	0.0	infeas	3.523464	0.0
766	infeas	5.884107	0.0	infeas	4.028387	0.0
767	infeas	4.712283	0.0	infeas	3.289501	0.0
768	infeas	4.471319	0.0	infeas	3.132525	0.0
769	infeas	5.668137	0.0	infeas	3.990394	0.0
770	infeas	5.405179	0.0	infeas	3.742430	0.0
771	infeas	5.385182	0.0	infeas	3.766427	0.0
772	infeas	4.928251	0.0	infeas	3.472472	0.0
773	infeas	5.297195	0.0	infeas	3.646445	0.0
774	infeas	4.961246	0.0	infeas	3.454475	0.0
775	infeas	4.754277	0.0	infeas	3.347491	0.0
776	infeas	4.607300	0.0	infeas	3.219511	0.0
777	infeas	4.664290	0.0	infeas	3.298498	0.0
778	infeas	6.227054	0.0	infeas	4.313344	0.0
779	infeas	4.769275	0.0	infeas	3.374487	0.0
780	infeas	5.322191	0.0	infeas	3.723434	0.0
781	infeas	5.109223	0.0	infeas	3.501468	0.0
782	infeas	5.575152	0.0	infeas	3.865413	0.0
783	infeas	5.357186	0.0	infeas	3.724434	0.0
784	infeas	5.449171	0.0	infeas	3.825418	0.0
785	infeas	5.420176	0.0	infeas	3.758429	0.0
786	infeas	5.841112	0.0	infeas	4.092378	0.0
787	infeas	5.264200	0.0	infeas	3.658444	0.0
788	infeas	5.231205	0.0	infeas	3.630447	0.0
789	infeas	5.933098	0.0	infeas	4.177365	0.0
790	infeas	5.242203	0.0	infeas	3.663443	0.0
791	infeas	5.988090	0.0	infeas	4.185363	0.0
792	infeas	5.635144	0.0	infeas	3.924403	0.0
793	infeas	5.210209	0.0	infeas	3.572456	0.0
794	infeas	4.965245	0.0	infeas	3.463474	0.0
795	infeas	5.095226	0.0	infeas	3.515465	0.0
796	infeas	5.575152	0.0	infeas	3.941401	0.0
797	infeas	5.691135	0.0	infeas	4.015390	0.0
798	infeas	4.855262	0.0	infeas	3.372487	0.0
799	infeas	5.269199	0.0	infeas	3.641446	0.0
800	infeas	6.155064	0.0	infeas	4.376336	0.0
801	infeas	5.520160	0.0	infeas	3.842416	0.0
802	infeas	5.686136	0.0	infeas	4.033386	0.0
803	infeas	5.714131	0.0	infeas	3.932403	0.0
804	infeas	4.975243	0.0	infeas	3.461474	0.0
805	infeas	5.263200	0.0	infeas	3.685439	0.0
806	infeas	5.309194	0.0	infeas	3.715435	0.0
807	infeas	6.155064	0.0	infeas	4.348340	0.0
808	infeas	5.421175	0.0	infeas	3.847415	0.0
809	infeas	5.981091	0.0	infeas	4.140370	0.0
810	infeas	4.695287	0.0	infeas	3.301498	0.0
811	infeas	6.271047	0.0	infeas	4.323343	0.0
812	infeas	5.103223	0.0	infeas	3.513466	0.0
813	infeas	5.831114	0.0	infeas	4.078380	0.0
814	infeas	4.626296	0.0	infeas	3.214511	0.0
815	infeas	5.237204	0.0	infeas	3.638447	0.0
816	infeas	5.879107	0.0	infeas	4.169366	0.0
817	infeas	5.792120	0.0	infeas	4.056382	0.0
818	infeas	4.814269	0.0	infeas	3.369487	0.0
819	infeas	5.879107	0.0	infeas	4.057383	0.0
820	infeas	6.097073	0.0	infeas	4.240355	0.0
821	infeas	5.645142	0.0	infeas	3.935402	0.0
822	infeas	5.505163	0.0	infeas	3.859413	0.0
823	infeas	5.774122	0.0	infeas	4.013390	0.0
824	infeas	5.250202	0.0	infeas	3.716436	0.0
825	infeas	5.410177	0.0	infeas	3.762428	0.0
826	infeas	5.156216	0.0	infeas	3.584456	0.0
827	infeas	5.906102	0.0	infeas	4.039385	0.0
828	infeas	5.382181	0.0	infeas	3.751430	0.0
829	infeas	5.690136	0.0	infeas	3.948399	0.0
830	infeas	5.301194	0.0	infeas	3.654445	0.0
831	infeas	5.946096	0.0	infeas	4.054384	0.0
832	infeas	4.759276	0.0	infeas	3.354490	0.0
833	infeas	5.428175	0.0	infeas	3.845415	0.0
834	infeas	4.879259	0.0	infeas	3.420480	0.0
835	infeas	4.844263	0.0	infeas	3.381486	0.0
836	infeas	6.010086	0.0	infeas	4.156369	0.0
837	infeas	5.399178	0.0	infeas	3.747431	0.0
838	infeas	5.854110	0.0	infeas	4.086379	0.0
839	infeas	5.966093	0.0	infeas	4.148369	0.0
840	infeas	5.672138	0.0	infeas	3.918404	0.0
841	infeas	4.814268	0.0	infeas	3.331493	0.0
842	infeas	5.253202	0.0	infeas	3.688439	0.0
843	infeas	6.072077	0.0	infeas	4.215360	0.0
844	infeas	5.998088	0.0	infeas	4.131371	0.0
845	infeas	5.444173	0.0	infeas	3.766428	0.0
846	limit	763.477933	0.0	limit	867.112179	0.0
847	infeas	5.721130	0.0	infeas	4.016389	0.0
848	infeas	6.083076	0.0	infeas	4.288348	0.0
849	infeas	6.265048	0.0	infeas	4.349338	0.0
850	infeas	5.927099	0.0	infeas	4.127372	0.0
851	infeas	5.397180	0.0	infeas	3.791424	0.0
852	infeas	5.646141	0.0	infeas	3.903407	0.0
853	infeas	4.574304	0.0	infeas	3.229510	0.0
854	infeas	5.998088	0.0	infeas	4.181365	0.0
855	infeas	5.311192	0.0	infeas	3.650445	0.0
856	infeas	5.710132	0.0	infeas	3.963397	0.0
857	infeas	5.894105	0.0	infeas	4.090377	0.0
858	infeas	5.738129	0.0	infeas	4.012390	0.0
859	infeas	4.788271	0.0	infeas	3.355490	0.0
860	infeas	5.220207	0.0	infeas	3.650445	0.0
861	infeas	5.103224	0.0	infeas	3.550460	0.0
862	infeas	5.112223	0.0	infeas	3.575457	0.0
863	infeas	5.576151	0.0	infeas	3.903407	0.0
864	infeas	5.251202	0.0	infeas	3.745430	0.0
865	infeas	5.159216	0.0	infeas	3.624449	0.0
866	infeas	5.548157	0.0	infeas	3.756429	0.0
867	infeas	5.129220	0.0	infeas	3.598453	0.0
868	infeas	5.203209	0.0	infeas	3.656444	0.0
869	infeas	5.169214	0.0	infeas	3.648445	0.0
870	infeas	5.731130	0.0	infeas	4.056382	0.0
871	infeas	5.505163	0.0	infeas	3.875411	0.0
872	infeas	5.570154	0.0	infeas	3.882409	0.0
873	infeas	4.835265	0.0	infeas	3.378487	0.0
874	infeas	5.096225	0.0	infeas	3.481470	0.0
875	infeas	5.503164	0.0	infeas	3.760428	0.0
876	infeas	5.113223	0.0	infeas	3.582456	0.0
877	infeas	6.126068	0.0	infeas	4.221358	0.0
878	infeas	5.268199	0.0	infeas	3.669443	0.0
879	infeas	5.436173	0.0	infeas	3.749430	0.0
880	infeas	4.971245	0.0	infeas	3.474472	0.0
881	infeas	5.314192	0.0	infeas	3.660443	0.0
882	infeas	5.657140	0.0	infeas	3.976396	0.0
883	infeas	4.962245	0.0	infeas	3.428479	0.0
884	infeas	5.237204	0.0	infeas	3.647446	0.0
885	infeas	5.468168	0.0	infeas	3.832417	0.0
886	infeas	5.659140	0.0	infeas	3.917405	0.0
887	infeas	4.922251	0.0	infeas	3.416481	0.0
888	infeas	5.612146	0.0	infeas	3.840417	0.0
889	infeas	5.819115	0.0	infeas	4.035386	0.0
890	infeas	5.448173	0.0	infeas	3.813420	0.0
891	infeas	5.987090	0.0	infeas	4.163367	0.0
892	infeas	5.350186	0.0	infeas	3.720435	0.0
893	infeas	5.775122	0.0	infeas	4.048384	0.0
894	infeas	5.258201	0.0	infeas	3.702438	0.0
895	infeas	5.423174	0.0	infeas	3.788425	0.0
896	infeas	5.533159	0.0	infeas	3.906406	0.0
897	infeas	5.238203	0.0	infeas	3.656445	0.0
898	infeas	5.233204	0.0	infeas	3.680441	0.0
899	infeas	6.062078	0.0	infeas	4.201361	0.0
900	infeas	5.033235	0.0	infeas	3.414481	0.0
901	infeas	5.941097	0.0	infeas	4.115374	0.0
902	infeas	4.980243	0.0	infeas	3.546461	0.0
903	infeas	5.024236	0.0	infeas	3.474472	0.0
904	infeas	5.952095	0.0	infeas	4.147369	0.0
905	infeas	5.833113	0.0	infeas	4.034388	0.0
906	infeas	5.464168	0.0	infeas	3.859415	0.0
907	infeas	5.147217	0.0	infeas	3.570457	0.0
908	infeas	5.608148	0.0	infeas	3.908405	0.0
909	infeas	5.070229	0.0	infeas	3.543462	0.0
910	infeas	5.024236	0.0	infeas	3.434478	0.0
911	infeas	5.394180	0.0	infeas	3.780425	0.0
912	infeas	4.929251	0.0	infeas	3.404482	0.0
913	infeas	5.457170	0.0	infeas	3.778426	0.0
914	infeas	5.347187	0.0	infeas	3.744431	0.0
915	infeas	4.676289	0.0	infeas	3.258505	0.0
916	infeas	5.162215	0.0	infeas	3.548460	0.0
917	infeas	5.547157	0.0	infeas	3.899407	0.0
918	infeas	4.951247	0.0	infeas	3.462474	0.0
919	infeas	6.013086	0.0	infeas	4.194362	0.0
920	infeas	5.434174	0.0	infeas	3.798422	0.0
921	infeas	5.807118	0.0	infeas	4.072381	0.0
922	infeas	5.257200	0.0	infeas	3.636448	0.0
923	infeas	5.788120	0.0	infeas	4.011390	0.0
924	infeas	6.368032	0.0	infeas	4.367336	0.0
925	infeas	5.047233	0.0	infeas	3.489469	0.0
926	infeas	5.361185	0.0	infeas	3.755429	0.0
927	infeas	5.769123	0.0	infeas	4.081380	0.0
928	infeas	6.505011	0.0	infeas	4.505315	0.0
929	infeas	5.377183	0.0	infeas	3.695438	0.0
930	infeas	5.365184	0.0	infeas	3.704436	0.0
931	infeas	5.800120	0.0	infeas	4.004390	0.0
932	infeas	5.317193	0.0	infeas	3.651444	0.0
933	infeas	5.703133	0.0	infeas	3.963398	0.0
934	infeas	4.986241	0.0	infeas	3.523465	0.0
935	infeas	5.451171	0.0	infeas	3.771426	0.0
936	infeas	5.812117	0.0	infeas	3.987394	0.0
937	infeas	5.844111	0.0	infeas	4.059383	0.0
938	infeas	5.436174	0.0	infeas	3.771427	0.0
939	infeas	5.328189	0.0	infeas	3.701438	0.0
940	infeas	4.979243	0.0	infeas	3.501468	0.0
941	infeas	5.512162	0.0	infeas	3.856413	0.0
942	infeas	5.762125	0.0	infeas	4.022387	0.0
943	infeas	5.021238	0.0	infeas	3.546461	0.0
944	infeas	5.851110	0.0	infeas	4.062383	0.0
945	infeas	5.514161	0.0	infeas	3.833417	0.0
946	infeas	4.388334	0.0	infeas	3.021540	0.0
947	infeas	4.834265	0.0	infeas	3.381486	0.0
948	infeas	5.451171	0.0	infeas	3.798422	0.0
949	infeas	5.690136	0.0	infeas	3.967397	0.0
950	infeas	5.154216	0.0	infeas	3.570458	0.0
951	infeas	5.809116	0.0	infeas	4.014390	0.0
952	infeas	4.963245	0.0	infeas	3.504467	0.0
953	infeas	5.996089	0.0	infeas	4.157368	0.0
954	infeas	6.390029	0.0	infeas	4.460322	0.0
955	infeas	5.066229	0.0	infeas	3.519466	0.0
956	infeas	5.542156	0.0	infeas	3.845417	0.0
957	infeas	5.805117	0.0	infeas	4.062382	0.0
958	infeas	5.069230	0.0	infeas	3.301497	0.0
959	infeas	5.844112	0.0	infeas	4.063382	0.0
960	infeas	5.104225	0.0	infeas	3.571457	0.0
961	infeas	5.469168	0.0	infeas	3.810421	0.0
962	infeas	5.485166	0.0	infeas	3.831417	0.0
963	infeas	5.420176	0.0	infeas	3.770427	0.0
964	infeas	6.036082	0.0	infeas	4.237356	0.0
965	infeas	5.874107	0.0	infeas	4.041386	0.0
966	infeas	5.567154	0.0	infeas	3.840415	0.0
967	infeas	5.970093	0.0	infeas	4.130372	0.0
968	infeas	5.531160	0.0	infeas	3.885409	0.0
969	infeas	4.965245	0.0	infeas	3.428479	0.0
970	infeas	5.375183	0.0	infeas	3.766427	0.0
971	infeas	5.329190	0.0	infeas	3.753429	0.0
972	infeas	5.721131	0.0	infeas	4.002391	0.0
973	infeas	5.614146	0.0	infeas	3.957399	0.0
974	infeas	5.642143	0.0	infeas	3.895407	0.0
975	infeas	5.000240	0.0	infeas	3.518465	0.0
976	infeas	5.151217	0.0	infeas	3.567457	0.0
977	infeas	5.759125	0.0	infeas	3.997392	0.0
978	infeas	5.110223	0.0	infeas	3.551460	0.0
979	infeas	5.026237	0.0	infeas	3.497468	0.0
980	infeas	5.288196	0.0	infeas	3.657443	0.0
981	infeas	5.429175	0.0	infeas	3.818420	0.0
982	infeas	5.837112	0.0	infeas	4.063383	0.0
983	infeas	5.317192	0.0	infeas	3.584454	0.0
984	infeas	5.728130	0.0	infeas	3.944400	0.0
985	infeas	5.172214	0.0	infeas	3.612450	0.0
986	infeas	5.150217	0.0	infeas	3.458475	0.0
987	infeas	5.900103	0.0	infeas	4.079380	0.0
988	infeas	5.434173	0.0	infeas	3.747431	0.0
989	infeas	5.704133	0.0	infeas	3.975395	0.0
990	infeas	5.109224	0.0	infeas	3.533462	0.0
991	infeas	5.488167	0.0	infeas	3.785424	0.0
992	infeas	5.663139	0.0	infeas	3.937401	0.0
993	infeas	5.418177	0.0	infeas	3.743430	0.0
994	infeas	5.628145	0.0	infeas	3.953399	0.0
995	infeas	6.007087	0.0	infeas	4.201361	0.0
996	infeas	5.743127	0.0	infeas	4.006391	0.0
997	infeas	5.795119	0.0	infeas	4.076380	0.0
998	infeas	5.687136	0.0	infeas	4.031387	0.0
999	infeas	5.171213	0.0	infeas	3.516466	0.0
1000	infeas	4.893256	0.0	infeas	3.384485	0.0

session time, 30327.976109
session max time, 100000.000000

0	0.000000	0	0.000000	990	5.451055	990	3.797279	10	693.024144	10	806.468598	12.326786	11.823992
