option randseed 1535059792770971;
option randseed 1535059792770971;
duration [*,*]
:    1    2     :=
1     1   -1
2     1   -1
3    -1   20
4    -1    2
5    10   -1
6     5    3
7    -1   12
8    -1   13
9    -1    7
10   13    7
11    1   -1
12   15   -1
13   10   -1
14    7   -1
15   -1    9
16    7   -1
17   -1    7
18    1   -1
19   -1   10
20    1   -1
21    4   -1
22    6   -1
23   10    5
24    5    3
25    9    5
26   10   -1
27    1    1
28    3   -1
29    8   -1
30   -1   12
31   11   -1
32    4   -1
33    4    2
34    8   -1
35    1    1
36   10    5
37   -1    1
38   -1   11
39   -1    2
40    4   -1
;

jobs, 40
depots, 2
techs, 20
skill domains, 2
skill levels, 2
weeks, 2
tech hours, 1600
runs, 1000
problem testing: var_leave, var_arrive, var_start, var_twotech,
  var_night_away, var_hours_tech, var_tech_pair, var_late, objective,
  c_tech_min, c_tech_max, c_tech_inout, c_return_home, c_arcs, c_twotech,
  c_pair_balance, c_pair_sym, c_pair_ub, c_tw_arrive, c_tw_leave,
  c_start_time, c_finish_time;
Count	Result	Gurobi	CPLEX	Objective
1	limit	1068.806515	0.0	limit	707.866389	0.0
2	infeas	12.097161	0.0	infeas	8.615690	0.0
3	infeas	11.213295	0.0	infeas	7.672834	0.0
4	infeas	12.508098	0.0	infeas	8.867652	0.0
5	infeas	10.121462	0.0	infeas	7.077923	0.0
6	infeas	12.745063	0.0	infeas	8.909645	0.0
7	infeas	13.326974	0.0	infeas	9.474560	0.0
8	infeas	10.994329	0.0	infeas	7.757820	0.0
9	infeas	10.595390	0.0	infeas	7.469864	0.0
10	infeas	11.051320	0.0	infeas	7.765819	0.0
11	infeas	12.176149	0.0	infeas	8.500708	0.0
12	infeas	12.839048	0.0	infeas	9.118614	0.0
13	infeas	12.414112	0.0	infeas	8.836658	0.0
14	infeas	12.106159	0.0	infeas	8.587694	0.0
15	infeas	11.650229	0.0	infeas	8.312737	0.0
16	infeas	11.814204	0.0	infeas	8.624688	0.0
17	infeas	13.033019	0.0	infeas	9.055623	0.0
18	infeas	13.125005	0.0	infeas	9.283589	0.0
19	infeas	11.401267	0.0	infeas	7.930794	0.0
20	infeas	11.977179	0.0	infeas	8.389725	0.0
21	infeas	10.990329	0.0	infeas	7.680832	0.0
22	infeas	11.901191	0.0	infeas	8.408721	0.0
23	infeas	13.198994	0.0	infeas	9.345579	0.0
24	infeas	10.637383	0.0	infeas	7.586847	0.0
25	infeas	12.956030	0.0	infeas	9.196602	0.0
26	infeas	9.191603	0.0	infeas	6.379030	0.0
27	infeas	10.753365	0.0	infeas	7.878803	0.0
28	infeas	10.706372	0.0	infeas	7.805813	0.0
29	infeas	11.745214	0.0	infeas	8.369728	0.0
30	infeas	13.398963	0.0	infeas	9.351579	0.0
31	infeas	11.295283	0.0	infeas	8.032778	0.0
32	infeas	11.534247	0.0	infeas	8.120765	0.0
33	infeas	12.373119	0.0	infeas	8.718675	0.0
34	infeas	11.549244	0.0	infeas	8.169758	0.0
35	infeas	11.112310	0.0	infeas	7.785817	0.0
36	infeas	10.872347	0.0	infeas	7.908798	0.0
37	infeas	12.357121	0.0	infeas	8.626689	0.0
38	infeas	11.557243	0.0	infeas	8.018781	0.0
39	infeas	10.481406	0.0	infeas	7.449868	0.0
40	infeas	11.019325	0.0	infeas	7.838808	0.0
41	infeas	11.265287	0.0	infeas	8.111767	0.0
42	infeas	11.429262	0.0	infeas	8.037779	0.0
43	infeas	11.629232	0.0	infeas	8.060775	0.0
44	infeas	12.631079	0.0	infeas	9.008631	0.0
45	infeas	11.376270	0.0	infeas	8.088770	0.0
46	infeas	11.332277	0.0	infeas	7.927795	0.0
47	infeas	11.982179	0.0	infeas	8.550700	0.0
48	infeas	11.256289	0.0	infeas	7.752821	0.0
49	limit	1076.606331	0.0	limit	892.039389	0.0
50	infeas	12.022173	0.0	infeas	8.476711	0.0
51	infeas	11.012326	0.0	infeas	7.764820	0.0
52	infeas	12.009174	0.0	infeas	8.358729	0.0
53	infeas	10.542398	0.0	infeas	7.494860	0.0
54	infeas	10.357426	0.0	infeas	7.368880	0.0
55	infeas	11.391267	0.0	infeas	8.108769	0.0
56	infeas	11.110310	0.0	infeas	7.714828	0.0
57	infeas	11.631231	0.0	infeas	8.273742	0.0
58	infeas	11.876195	0.0	infeas	8.213751	0.0
59	infeas	12.343123	0.0	infeas	8.837657	0.0
60	infeas	11.141306	0.0	infeas	7.899800	0.0
61	infeas	12.032170	0.0	infeas	8.500708	0.0
62	infeas	11.049320	0.0	infeas	7.869804	0.0
63	infeas	10.404418	0.0	infeas	7.021933	0.0
64	infeas	12.688070	0.0	infeas	8.815661	0.0
65	limit	1066.729832	0.0	limit	879.218338	0.0
66	infeas	11.093314	0.0	infeas	7.847807	0.0
67	infeas	11.209296	0.0	infeas	8.080772	0.0
68	infeas	11.489253	0.0	infeas	8.043777	0.0
69	infeas	11.439261	0.0	infeas	8.104768	0.0
70	infeas	12.742063	0.0	infeas	9.002631	0.0
71	infeas	12.498100	0.0	infeas	8.844655	0.0
72	infeas	12.656076	0.0	infeas	8.874651	0.0
73	infeas	11.891193	0.0	infeas	8.532703	0.0
74	infeas	10.913341	0.0	infeas	7.727825	0.0
75	infeas	10.440413	0.0	infeas	7.376878	0.0
76	infeas	12.014173	0.0	infeas	8.441717	0.0
77	infeas	11.216295	0.0	infeas	7.734824	0.0
78	infeas	13.567937	0.0	infeas	9.548549	0.0
79	infeas	11.964182	0.0	infeas	8.376725	0.0
80	infeas	9.952487	0.0	infeas	7.038931	0.0
81	infeas	10.222446	0.0	infeas	7.249897	0.0
82	infeas	11.477256	0.0	infeas	8.112766	0.0
83	infeas	10.612387	0.0	infeas	7.510859	0.0
84	infeas	11.789206	0.0	infeas	8.343732	0.0
85	infeas	9.703526	0.0	infeas	6.937944	0.0
86	infeas	11.424263	0.0	infeas	8.056776	0.0
87	infeas	11.595237	0.0	infeas	8.180756	0.0
88	infeas	11.655228	0.0	infeas	8.125765	0.0
89	infeas	11.063319	0.0	infeas	7.804813	0.0
90	infeas	11.427262	0.0	infeas	7.897800	0.0
91	infeas	11.367272	0.0	infeas	7.967788	0.0
92	infeas	11.986178	0.0	infeas	8.451715	0.0
93	infeas	11.816204	0.0	infeas	8.312736	0.0
94	infeas	9.304586	0.0	infeas	6.529008	0.0
95	infeas	12.505098	0.0	infeas	8.931643	0.0
96	infeas	11.482254	0.0	infeas	7.616842	0.0
97	infeas	10.555396	0.0	infeas	7.493860	0.0
98	infeas	11.361273	0.0	infeas	7.973788	0.0
99	limit	1053.348867	0.0	limit	593.771732	0.0
100	infeas	11.011326	0.0	infeas	7.632840	0.0
101	infeas	12.027171	0.0	infeas	8.401724	0.0
102	infeas	9.552547	0.0	infeas	6.840961	0.0
103	infeas	12.047168	0.0	infeas	8.323734	0.0
104	infeas	10.364425	0.0	infeas	7.353882	0.0
105	infeas	11.599237	0.0	infeas	8.135763	0.0
106	infeas	12.315128	0.0	infeas	8.802661	0.0
107	infeas	11.517249	0.0	infeas	8.016782	0.0
108	infeas	10.781361	0.0	infeas	7.590846	0.0
109	infeas	11.083314	0.0	infeas	7.748823	0.0
110	infeas	11.280285	0.0	infeas	7.845807	0.0
111	infeas	11.591238	0.0	infeas	8.174758	0.0
112	infeas	12.867043	0.0	infeas	9.089619	0.0
113	infeas	12.007174	0.0	infeas	8.459714	0.0
114	infeas	11.266287	0.0	infeas	8.005783	0.0
115	infeas	13.034019	0.0	infeas	9.203600	0.0
116	infeas	11.341276	0.0	infeas	8.063774	0.0
117	infeas	11.063319	0.0	infeas	7.908797	0.0
118	infeas	9.712523	0.0	infeas	6.830962	0.0
119	infeas	11.880194	0.0	infeas	8.356730	0.0
120	infeas	12.525096	0.0	infeas	8.914645	0.0
121	infeas	10.940336	0.0	infeas	7.705829	0.0
122	infeas	13.453955	0.0	infeas	9.546548	0.0
123	infeas	10.389421	0.0	infeas	7.369880	0.0
124	infeas	12.198145	0.0	infeas	8.562698	0.0
125	infeas	11.421264	0.0	infeas	7.856805	0.0
126	infeas	10.816356	0.0	infeas	7.555852	0.0
127	infeas	11.930186	0.0	infeas	8.366728	0.0
128	infeas	10.225445	0.0	infeas	7.224902	0.0
129	infeas	13.134003	0.0	infeas	9.316584	0.0
130	infeas	12.457106	0.0	infeas	8.674681	0.0
131	infeas	10.176454	0.0	infeas	7.191906	0.0
132	infeas	10.896343	0.0	infeas	7.660836	0.0
133	infeas	10.604388	0.0	infeas	7.474864	0.0
134	infeas	11.184299	0.0	infeas	7.902799	0.0
135	infeas	11.829202	0.0	infeas	8.214751	0.0
136	infeas	11.612235	0.0	infeas	8.269742	0.0
137	infeas	11.769211	0.0	infeas	8.261744	0.0
138	infeas	10.706373	0.0	infeas	7.588846	0.0
139	infeas	12.830050	0.0	infeas	9.061621	0.0
140	infeas	10.630385	0.0	infeas	7.492860	0.0
141	infeas	10.631384	0.0	infeas	7.474864	0.0
142	infeas	11.048321	0.0	infeas	7.660835	0.0
143	infeas	11.775210	0.0	infeas	8.191754	0.0
144	infeas	10.075469	0.0	infeas	7.173909	0.0
145	infeas	12.162151	0.0	infeas	8.520705	0.0
146	infeas	11.156304	0.0	infeas	7.872803	0.0
147	infeas	12.528095	0.0	infeas	9.011631	0.0
148	infeas	12.797054	0.0	infeas	8.917644	0.0
149	infeas	10.787360	0.0	infeas	7.608843	0.0
150	infeas	11.353275	0.0	infeas	7.476863	0.0
151	infeas	11.125308	0.0	infeas	8.066775	0.0
152	infeas	10.523400	0.0	infeas	7.677832	0.0
153	infeas	13.689919	0.0	infeas	9.720522	0.0
154	infeas	12.019173	0.0	infeas	8.583695	0.0
155	infeas	12.443109	0.0	infeas	8.797662	0.0
156	infeas	11.668226	0.0	infeas	8.116766	0.0
157	infeas	11.249290	0.0	infeas	7.968789	0.0
158	infeas	11.228293	0.0	infeas	8.023780	0.0
159	infeas	9.876498	0.0	infeas	6.794968	0.0
160	infeas	12.106159	0.0	infeas	8.581696	0.0
161	infeas	12.574088	0.0	infeas	8.869651	0.0
162	infeas	11.538246	0.0	infeas	7.998784	0.0
163	infeas	11.828202	0.0	infeas	8.347731	0.0
164	infeas	13.431958	0.0	infeas	9.527552	0.0
165	infeas	10.240443	0.0	infeas	7.394876	0.0
166	infeas	10.915341	0.0	infeas	7.720826	0.0
167	infeas	10.676377	0.0	infeas	7.510858	0.0
168	infeas	10.920340	0.0	infeas	7.601844	0.0
169	infeas	10.894344	0.0	infeas	7.611843	0.0
170	infeas	11.416264	0.0	infeas	8.051776	0.0
171	infeas	12.106159	0.0	infeas	8.555700	0.0
172	infeas	11.761213	0.0	infeas	8.203752	0.0
173	infeas	12.231141	0.0	infeas	8.607691	0.0
174	infeas	12.211143	0.0	infeas	8.491709	0.0
175	infeas	11.354275	0.0	infeas	7.937793	0.0
176	infeas	12.528095	0.0	infeas	8.685680	0.0
177	infeas	12.651077	0.0	infeas	8.807660	0.0
178	infeas	12.669075	0.0	infeas	9.004631	0.0
179	infeas	13.128004	0.0	infeas	9.360577	0.0
180	infeas	11.477255	0.0	infeas	8.081771	0.0
181	infeas	10.607388	0.0	infeas	7.485862	0.0
182	infeas	11.761212	0.0	infeas	8.229749	0.0
183	infeas	11.846198	0.0	infeas	8.306738	0.0
184	infeas	11.005328	0.0	infeas	7.598844	0.0
185	infeas	11.852199	0.0	infeas	8.323734	0.0
186	infeas	11.372271	0.0	infeas	7.996784	0.0
187	infeas	12.233141	0.0	infeas	8.590694	0.0
188	infeas	11.640230	0.0	infeas	8.211751	0.0
189	infeas	12.081164	0.0	infeas	8.496708	0.0
190	infeas	11.750213	0.0	infeas	8.354731	0.0
191	infeas	10.599389	0.0	infeas	7.558850	0.0
192	infeas	12.558091	0.0	infeas	8.709676	0.0
193	infeas	12.059166	0.0	infeas	8.436718	0.0
194	infeas	13.397964	0.0	infeas	9.445563	0.0
195	infeas	10.919340	0.0	infeas	7.819812	0.0
196	infeas	11.619233	0.0	infeas	8.238748	0.0
197	infeas	10.941336	0.0	infeas	7.726826	0.0
198	infeas	10.374423	0.0	infeas	7.425871	0.0
199	infeas	13.372967	0.0	infeas	9.503555	0.0
200	infeas	11.106311	0.0	infeas	7.991785	0.0
201	infeas	11.290284	0.0	infeas	7.863805	0.0
202	infeas	11.989177	0.0	infeas	8.235748	0.0
203	infeas	11.434262	0.0	infeas	7.896800	0.0
204	infeas	12.994024	0.0	infeas	9.198601	0.0
205	infeas	12.102161	0.0	infeas	8.561698	0.0
206	infeas	12.206145	0.0	infeas	8.566698	0.0
207	infeas	10.732367	0.0	infeas	7.519857	0.0
208	infeas	11.614235	0.0	infeas	8.127765	0.0
209	infeas	10.524399	0.0	infeas	7.609843	0.0
210	infeas	12.823051	0.0	infeas	9.087618	0.0
211	infeas	11.530248	0.0	infeas	8.084771	0.0
212	infeas	11.976179	0.0	infeas	8.464713	0.0
213	infeas	13.408962	0.0	infeas	9.428566	0.0
214	infeas	10.599389	0.0	infeas	7.545853	0.0
215	infeas	11.700221	0.0	infeas	7.865804	0.0
216	infeas	11.445260	0.0	infeas	8.007783	0.0
217	infeas	13.286980	0.0	infeas	9.208600	0.0
218	infeas	12.474104	0.0	infeas	8.964637	0.0
219	infeas	11.989178	0.0	infeas	8.547700	0.0
220	infeas	10.723370	0.0	infeas	7.748822	0.0
221	infeas	13.097009	0.0	infeas	9.208599	0.0
222	infeas	11.157305	0.0	infeas	7.764819	0.0
223	infeas	12.567090	0.0	infeas	9.064621	0.0
224	infeas	11.817204	0.0	infeas	8.167759	0.0
225	infeas	12.119157	0.0	infeas	8.495709	0.0
226	infeas	11.485253	0.0	infeas	8.174757	0.0
227	infeas	11.586240	0.0	infeas	8.187754	0.0
228	infeas	11.293283	0.0	infeas	7.947792	0.0
229	infeas	12.736064	0.0	infeas	8.960638	0.0
230	infeas	11.039322	0.0	infeas	7.787816	0.0
231	infeas	11.058319	0.0	infeas	7.914797	0.0
232	infeas	12.205144	0.0	infeas	8.674681	0.0
233	infeas	11.326278	0.0	infeas	7.939793	0.0
234	infeas	10.441413	0.0	infeas	7.369880	0.0
235	infeas	11.504251	0.0	infeas	8.028780	0.0
236	infeas	10.997327	0.0	infeas	7.797815	0.0
237	infeas	11.588238	0.0	infeas	8.074772	0.0
238	infeas	11.694222	0.0	infeas	8.300739	0.0
239	infeas	12.203145	0.0	infeas	8.483711	0.0
240	infeas	9.718522	0.0	infeas	6.885953	0.0
241	infeas	11.100312	0.0	infeas	7.862805	0.0
242	infeas	11.873195	0.0	infeas	8.431718	0.0
243	infeas	10.876347	0.0	infeas	7.588846	0.0
244	infeas	11.596237	0.0	infeas	8.187756	0.0
245	infeas	11.876194	0.0	infeas	8.462713	0.0
246	infeas	11.661228	0.0	infeas	8.385725	0.0
247	infeas	12.427110	0.0	infeas	8.700678	0.0
248	infeas	12.542094	0.0	infeas	8.779665	0.0
249	infeas	10.841351	0.0	infeas	7.693831	0.0
250	infeas	10.984330	0.0	infeas	7.709828	0.0
251	infeas	10.625385	0.0	infeas	7.412873	0.0
252	infeas	11.397267	0.0	infeas	7.432871	0.0
253	infeas	12.213142	0.0	infeas	8.476712	0.0
254	infeas	11.250289	0.0	infeas	7.911797	0.0
255	infeas	11.828202	0.0	infeas	8.246747	0.0
256	infeas	11.689223	0.0	infeas	8.183755	0.0
257	infeas	10.127461	0.0	infeas	7.093922	0.0
258	infeas	12.291131	0.0	infeas	8.778665	0.0
259	limit	1061.892569	0.0	limit	872.947292	0.0
260	infeas	12.057166	0.0	infeas	8.372727	0.0
261	infeas	10.630384	0.0	infeas	7.514858	0.0
262	infeas	11.599237	0.0	infeas	8.179756	0.0
263	limit	1070.890200	0.0	limit	898.506407	0.0
264	infeas	11.552243	0.0	infeas	8.054775	0.0
265	infeas	11.757213	0.0	infeas	8.336733	0.0
266	infeas	11.665226	0.0	infeas	8.268743	0.0
267	infeas	11.815204	0.0	infeas	8.441717	0.0
268	infeas	11.643230	0.0	infeas	8.241747	0.0
269	infeas	12.311128	0.0	infeas	8.732673	0.0
270	infeas	10.745366	0.0	infeas	7.695831	0.0
271	infeas	10.449410	0.0	infeas	7.621842	0.0
272	infeas	12.223142	0.0	infeas	8.502707	0.0
273	infeas	9.555548	0.0	infeas	6.825962	0.0
274	infeas	12.465105	0.0	infeas	8.749669	0.0
275	infeas	11.577241	0.0	infeas	8.122764	0.0
276	infeas	11.473256	0.0	infeas	8.159760	0.0
277	infeas	11.974180	0.0	infeas	8.334732	0.0
278	infeas	11.199298	0.0	infeas	8.079771	0.0
279	infeas	10.459411	0.0	infeas	7.353882	0.0
280	infeas	11.148304	0.0	infeas	7.744824	0.0
281	infeas	12.269135	0.0	infeas	8.878649	0.0
282	infeas	11.030323	0.0	infeas	7.913798	0.0
283	infeas	11.444260	0.0	infeas	8.152761	0.0
284	infeas	10.901342	0.0	infeas	7.685832	0.0
285	infeas	11.198297	0.0	infeas	7.942793	0.0
286	infeas	12.499099	0.0	infeas	8.834658	0.0
287	infeas	11.795207	0.0	infeas	8.200752	0.0
288	infeas	11.760213	0.0	infeas	8.249746	0.0
289	infeas	10.326430	0.0	infeas	7.221902	0.0
290	infeas	12.224141	0.0	infeas	8.652685	0.0
291	infeas	11.359273	0.0	infeas	8.051776	0.0
292	infeas	12.151153	0.0	infeas	8.589695	0.0
293	infeas	12.454106	0.0	infeas	8.798662	0.0
294	infeas	11.545245	0.0	infeas	8.244747	0.0
295	infeas	10.927339	0.0	infeas	7.795815	0.0
296	infeas	11.272286	0.0	infeas	7.827810	0.0
297	infeas	10.902342	0.0	infeas	7.608844	0.0
298	infeas	11.827202	0.0	infeas	8.416720	0.0
299	infeas	10.856350	0.0	infeas	7.674833	0.0
300	infeas	12.704069	0.0	infeas	8.762668	0.0
301	infeas	10.714371	0.0	infeas	7.683832	0.0
302	infeas	10.279437	0.0	infeas	7.289891	0.0
303	infeas	10.862350	0.0	infeas	7.504859	0.0
304	infeas	9.718522	0.0	infeas	6.758973	0.0
305	infeas	11.072316	0.0	infeas	7.935794	0.0
306	infeas	12.314127	0.0	infeas	8.705677	0.0
307	infeas	11.389269	0.0	infeas	8.100769	0.0
308	infeas	10.686375	0.0	infeas	7.698829	0.0
309	infeas	12.024173	0.0	infeas	8.279741	0.0
310	infeas	11.178300	0.0	infeas	7.865804	0.0
311	infeas	12.369120	0.0	infeas	8.780665	0.0
312	infeas	11.513250	0.0	infeas	8.080771	0.0
313	infeas	12.084163	0.0	infeas	8.471713	0.0
314	infeas	11.929186	0.0	infeas	8.423720	0.0
315	infeas	9.638534	0.0	infeas	6.803966	0.0
316	infeas	12.621082	0.0	infeas	8.916643	0.0
317	infeas	11.406266	0.0	infeas	8.022781	0.0
318	infeas	11.839200	0.0	infeas	8.315736	0.0
319	infeas	11.074316	0.0	infeas	7.708828	0.0
320	infeas	11.119310	0.0	infeas	7.868804	0.0
321	infeas	10.944336	0.0	infeas	7.658836	0.0
322	infeas	12.798054	0.0	infeas	9.092617	0.0
323	infeas	12.333126	0.0	infeas	8.755669	0.0
324	infeas	10.078467	0.0	infeas	7.271895	0.0
325	infeas	10.275438	0.0	infeas	7.200906	0.0
326	infeas	13.466953	0.0	infeas	9.476558	0.0
327	infeas	11.966181	0.0	infeas	8.351731	0.0
328	infeas	12.232141	0.0	infeas	8.497707	0.0
329	infeas	12.832049	0.0	infeas	9.045625	0.0
330	infeas	10.190452	0.0	infeas	7.271893	0.0
331	infeas	12.656077	0.0	infeas	8.897647	0.0
332	infeas	12.164150	0.0	infeas	8.344732	0.0
333	infeas	12.042170	0.0	infeas	8.362728	0.0
334	infeas	10.982331	0.0	infeas	7.671833	0.0
335	infeas	11.421264	0.0	infeas	7.995784	0.0
336	infeas	11.952183	0.0	infeas	8.604693	0.0
337	infeas	11.987177	0.0	infeas	8.497708	0.0
338	infeas	11.102313	0.0	infeas	8.078771	0.0
339	infeas	11.145306	0.0	infeas	7.786816	0.0
340	infeas	11.904190	0.0	infeas	8.641686	0.0
341	infeas	11.211296	0.0	infeas	7.992785	0.0
342	infeas	11.086314	0.0	infeas	7.892801	0.0
343	infeas	12.474104	0.0	infeas	8.874650	0.0
344	infeas	10.195451	0.0	infeas	7.280892	0.0
345	infeas	11.335278	0.0	infeas	8.091769	0.0
346	infeas	10.938337	0.0	infeas	7.809813	0.0
347	infeas	13.175997	0.0	infeas	9.289588	0.0
348	infeas	11.466256	0.0	infeas	8.190755	0.0
349	infeas	12.074165	0.0	infeas	8.399723	0.0
350	infeas	11.756213	0.0	infeas	8.370728	0.0
351	infeas	10.639381	0.0	infeas	7.358882	0.0
352	infeas	12.763060	0.0	infeas	8.982634	0.0
353	infeas	12.177149	0.0	infeas	8.640686	0.0
354	infeas	10.056472	0.0	infeas	7.092921	0.0
355	infeas	11.056319	0.0	infeas	7.675833	0.0
356	infeas	11.126309	0.0	infeas	7.864805	0.0
357	infeas	11.625232	0.0	infeas	8.087771	0.0
358	infeas	11.238291	0.0	infeas	7.929795	0.0
359	infeas	12.392116	0.0	infeas	8.846655	0.0
360	infeas	11.653229	0.0	infeas	8.213750	0.0
361	infeas	11.631232	0.0	infeas	8.036779	0.0
362	infeas	11.385269	0.0	infeas	7.994784	0.0
363	infeas	12.380118	0.0	infeas	8.729673	0.0
364	infeas	10.668378	0.0	infeas	7.453867	0.0
365	infeas	10.979331	0.0	infeas	7.748822	0.0
366	infeas	12.297130	0.0	infeas	8.777666	0.0
367	infeas	11.147306	0.0	infeas	8.097768	0.0
368	infeas	10.888345	0.0	infeas	7.602844	0.0
369	infeas	11.172302	0.0	infeas	8.004783	0.0
370	infeas	10.762364	0.0	infeas	7.613843	0.0
371	infeas	12.848046	0.0	infeas	9.078620	0.0
372	infeas	11.095314	0.0	infeas	7.870803	0.0
373	infeas	11.381270	0.0	infeas	8.052775	0.0
374	infeas	11.364273	0.0	infeas	8.040777	0.0
375	infeas	11.055320	0.0	infeas	7.676833	0.0
376	infeas	12.080163	0.0	infeas	8.386726	0.0
377	infeas	11.715218	0.0	infeas	8.473712	0.0
378	infeas	12.401115	0.0	infeas	8.697677	0.0
379	infeas	11.348275	0.0	infeas	8.043777	0.0
380	infeas	13.345972	0.0	infeas	9.403570	0.0
381	infeas	11.090315	0.0	infeas	7.833809	0.0
382	infeas	10.995327	0.0	infeas	7.337885	0.0
383	infeas	11.199298	0.0	infeas	7.958790	0.0
384	infeas	13.932881	0.0	infeas	9.707525	0.0
385	infeas	12.617082	0.0	infeas	8.931642	0.0
386	infeas	11.461257	0.0	infeas	8.039779	0.0
387	infeas	12.730064	0.0	infeas	8.803662	0.0
388	infeas	11.712219	0.0	infeas	8.213752	0.0
389	infeas	12.272134	0.0	infeas	8.530703	0.0
390	infeas	10.978331	0.0	infeas	7.721826	0.0
391	infeas	10.046473	0.0	infeas	7.025932	0.0
392	infeas	11.012326	0.0	infeas	7.871803	0.0
393	infeas	11.256289	0.0	infeas	7.953791	0.0
394	infeas	10.300434	0.0	infeas	7.157912	0.0
395	infeas	11.827201	0.0	infeas	8.412722	0.0
396	infeas	11.780209	0.0	infeas	8.409721	0.0
397	infeas	11.552244	0.0	infeas	8.186756	0.0
398	infeas	10.973331	0.0	infeas	7.873803	0.0
399	infeas	11.152305	0.0	infeas	7.799814	0.0
400	infeas	11.498252	0.0	infeas	8.074772	0.0
401	infeas	11.995177	0.0	infeas	8.421719	0.0
402	infeas	11.200298	0.0	infeas	7.960790	0.0
403	infeas	11.863196	0.0	infeas	8.275742	0.0
404	infeas	10.601388	0.0	infeas	7.464865	0.0
405	infeas	11.926188	0.0	infeas	8.327733	0.0
406	infeas	12.027172	0.0	infeas	8.300739	0.0
407	infeas	11.642229	0.0	infeas	8.232749	0.0
408	infeas	13.257985	0.0	infeas	9.314583	0.0
409	infeas	11.162303	0.0	infeas	7.917796	0.0
410	infeas	11.124309	0.0	infeas	7.885802	0.0
411	infeas	12.317127	0.0	infeas	8.855653	0.0
412	infeas	9.249594	0.0	infeas	6.541007	0.0
413	infeas	11.127307	0.0	infeas	7.928795	0.0
414	infeas	13.698917	0.0	infeas	9.864502	0.0
415	infeas	10.243442	0.0	infeas	7.109919	0.0
416	infeas	13.140002	0.0	infeas	9.431567	0.0
417	infeas	11.126309	0.0	infeas	7.791815	0.0
418	infeas	10.869347	0.0	infeas	7.782817	0.0
419	infeas	11.719219	0.0	infeas	8.210752	0.0
420	infeas	12.144153	0.0	infeas	8.530704	0.0
421	infeas	12.223141	0.0	infeas	8.701677	0.0
422	limit	1060.486782	0.0	limit	727.816354	0.0
423	infeas	12.876043	0.0	infeas	9.031628	0.0
424	infeas	12.537093	0.0	infeas	8.947640	0.0
425	infeas	10.941337	0.0	infeas	7.850806	0.0
426	infeas	10.993329	0.0	infeas	7.785816	0.0
427	infeas	11.688224	0.0	infeas	8.241747	0.0
428	infeas	10.675377	0.0	infeas	7.647837	0.0
429	infeas	11.159303	0.0	infeas	7.956791	0.0
430	infeas	11.498252	0.0	infeas	8.156760	0.0
431	infeas	12.359121	0.0	infeas	8.842655	0.0
432	infeas	10.908342	0.0	infeas	7.577848	0.0
433	infeas	10.720370	0.0	infeas	7.567850	0.0
434	infeas	11.536246	0.0	infeas	8.222751	0.0
435	infeas	11.163303	0.0	infeas	7.915796	0.0
436	infeas	11.184300	0.0	infeas	7.749822	0.0
437	infeas	11.427262	0.0	infeas	7.926795	0.0
438	infeas	11.700221	0.0	infeas	8.239748	0.0
439	infeas	10.443412	0.0	infeas	7.420872	0.0
440	infeas	10.347427	0.0	infeas	7.471864	0.0
441	infeas	11.861197	0.0	infeas	8.320735	0.0
442	infeas	11.773211	0.0	infeas	8.250745	0.0
443	infeas	12.666075	0.0	infeas	8.874651	0.0
444	infeas	10.547396	0.0	infeas	7.373879	0.0
445	infeas	10.198449	0.0	infeas	7.101921	0.0
446	infeas	9.468561	0.0	infeas	6.529007	0.0
447	infeas	10.980331	0.0	infeas	7.769819	0.0
448	infeas	13.808900	0.0	infeas	9.708525	0.0
449	infeas	11.255288	0.0	infeas	8.091770	0.0
450	infeas	11.569241	0.0	infeas	8.163759	0.0
451	infeas	11.128308	0.0	infeas	7.766820	0.0
452	infeas	12.301130	0.0	infeas	8.594693	0.0
453	infeas	12.324126	0.0	infeas	8.593694	0.0
454	infeas	12.555091	0.0	infeas	8.791664	0.0
455	infeas	12.262136	0.0	infeas	8.615689	0.0
456	infeas	11.703221	0.0	infeas	8.238748	0.0
457	infeas	10.562394	0.0	infeas	7.492862	0.0
458	infeas	11.432262	0.0	infeas	8.195753	0.0
459	infeas	12.064166	0.0	infeas	8.412722	0.0
460	infeas	12.634079	0.0	infeas	8.920644	0.0
461	infeas	11.007326	0.0	infeas	7.829810	0.0
462	infeas	9.692526	0.0	infeas	6.992938	0.0
463	infeas	11.545244	0.0	infeas	8.166758	0.0
464	infeas	9.678529	0.0	infeas	6.891952	0.0
465	infeas	13.909886	0.0	infeas	9.762516	0.0
466	infeas	11.296282	0.0	infeas	7.921796	0.0
467	infeas	11.182300	0.0	infeas	7.694830	0.0
468	infeas	13.308977	0.0	infeas	9.489558	0.0
469	infeas	12.992024	0.0	infeas	9.141611	0.0
470	infeas	11.881194	0.0	infeas	8.579696	0.0
471	infeas	11.599236	0.0	infeas	8.043777	0.0
472	infeas	9.655532	0.0	infeas	6.823963	0.0
473	infeas	10.723370	0.0	infeas	7.482862	0.0
474	infeas	10.131459	0.0	infeas	7.145914	0.0
475	infeas	11.911190	0.0	infeas	8.438716	0.0
476	infeas	10.885346	0.0	infeas	7.535854	0.0
477	infeas	11.661228	0.0	infeas	8.258744	0.0
478	infeas	9.793512	0.0	infeas	7.059926	0.0
479	infeas	12.714067	0.0	infeas	8.939641	0.0
480	infeas	12.406114	0.0	infeas	8.856653	0.0
481	infeas	11.153305	0.0	infeas	7.757821	0.0
482	infeas	11.565242	0.0	infeas	8.211751	0.0
483	infeas	12.659076	0.0	infeas	8.979635	0.0
484	infeas	12.292131	0.0	infeas	8.844656	0.0
485	infeas	11.109310	0.0	infeas	7.784817	0.0
486	infeas	11.848199	0.0	infeas	8.260744	0.0
487	infeas	11.287284	0.0	infeas	7.938793	0.0
488	infeas	12.087162	0.0	infeas	8.608692	0.0
489	infeas	11.816203	0.0	infeas	8.218751	0.0
490	infeas	11.026324	0.0	infeas	7.692830	0.0
491	infeas	11.220295	0.0	infeas	7.848806	0.0
492	infeas	11.756214	0.0	infeas	8.241747	0.0
493	infeas	12.318127	0.0	infeas	8.743670	0.0
494	infeas	12.495101	0.0	infeas	8.862653	0.0
495	infeas	10.184451	0.0	infeas	7.118918	0.0
496	infeas	10.179452	0.0	infeas	7.125917	0.0
497	infeas	11.461258	0.0	infeas	8.103768	0.0
498	infeas	11.246290	0.0	infeas	7.969789	0.0
499	infeas	12.626080	0.0	infeas	8.972636	0.0
500	infeas	10.995328	0.0	infeas	7.772819	0.0
501	infeas	12.961030	0.0	infeas	9.069621	0.0
502	infeas	10.972332	0.0	infeas	7.726825	0.0
503	infeas	12.374119	0.0	infeas	8.736672	0.0
504	infeas	10.816356	0.0	infeas	7.607843	0.0
505	infeas	11.042321	0.0	infeas	7.625841	0.0
506	infeas	9.724521	0.0	infeas	7.059927	0.0
507	infeas	12.461106	0.0	infeas	8.938641	0.0
508	infeas	12.208144	0.0	infeas	8.469712	0.0
509	infeas	10.850351	0.0	infeas	7.691830	0.0
510	infeas	13.325975	0.0	infeas	9.459562	0.0
511	infeas	11.381269	0.0	infeas	8.010782	0.0
512	infeas	12.650077	0.0	infeas	8.955639	0.0
513	infeas	12.061166	0.0	infeas	8.400723	0.0
514	infeas	11.421264	0.0	infeas	8.243747	0.0
515	infeas	12.983026	0.0	infeas	9.280589	0.0
516	limit	1052.877938	0.0	limit	722.985090	0.0
517	infeas	10.551396	0.0	infeas	7.473863	0.0
518	infeas	11.576241	0.0	infeas	8.075772	0.0
519	infeas	11.214295	0.0	infeas	7.928795	0.0
520	infeas	9.941488	0.0	infeas	7.045929	0.0
521	infeas	11.908191	0.0	infeas	8.460712	0.0
522	infeas	12.005175	0.0	infeas	8.381726	0.0
523	infeas	10.213448	0.0	infeas	7.166910	0.0
524	infeas	10.745367	0.0	infeas	7.547853	0.0
525	infeas	10.144457	0.0	infeas	7.089923	0.0
526	infeas	12.333124	0.0	infeas	9.048625	0.0
527	infeas	11.614234	0.0	infeas	8.059775	0.0
528	infeas	12.644078	0.0	infeas	8.880650	0.0
529	infeas	11.722218	0.0	infeas	8.274741	0.0
530	infeas	11.250290	0.0	infeas	7.856806	0.0
531	infeas	10.572393	0.0	infeas	7.475864	0.0
532	infeas	10.661379	0.0	infeas	7.383877	0.0
533	infeas	12.610083	0.0	infeas	8.820659	0.0
534	infeas	9.957486	0.0	infeas	7.145914	0.0
535	infeas	11.430262	0.0	infeas	8.047777	0.0
536	infeas	10.975332	0.0	infeas	7.861805	0.0
537	infeas	12.974026	0.0	infeas	9.140611	0.0
538	infeas	13.166998	0.0	infeas	9.198602	0.0
539	infeas	13.695918	0.0	infeas	9.484559	0.0
540	infeas	9.999479	0.0	infeas	7.062926	0.0
541	infeas	10.774362	0.0	infeas	7.606844	0.0
542	infeas	11.916189	0.0	infeas	8.402722	0.0
543	infeas	12.793055	0.0	infeas	9.118614	0.0
544	infeas	12.074164	0.0	infeas	8.452716	0.0
545	infeas	9.738519	0.0	infeas	6.985938	0.0
546	infeas	10.186451	0.0	infeas	7.186908	0.0
547	infeas	9.931490	0.0	infeas	6.809964	0.0
548	infeas	10.329430	0.0	infeas	7.358881	0.0
549	infeas	10.454411	0.0	infeas	7.310889	0.0
550	infeas	10.179452	0.0	infeas	7.107920	0.0
551	infeas	11.829202	0.0	infeas	8.208751	0.0
552	infeas	12.163152	0.0	infeas	8.728673	0.0
553	infeas	11.106311	0.0	infeas	7.903798	0.0
554	infeas	10.350427	0.0	infeas	7.291892	0.0
555	infeas	12.475103	0.0	infeas	8.704677	0.0
556	infeas	10.659379	0.0	infeas	7.542854	0.0
557	infeas	12.069164	0.0	infeas	8.536703	0.0
558	infeas	12.779057	0.0	infeas	9.051624	0.0
559	infeas	11.606236	0.0	infeas	8.200753	0.0
560	infeas	12.157152	0.0	infeas	8.636687	0.0
561	infeas	12.420112	0.0	infeas	8.667682	0.0
562	infeas	11.389269	0.0	infeas	7.919795	0.0
563	infeas	10.476408	0.0	infeas	7.420872	0.0
564	infeas	12.438109	0.0	infeas	8.848655	0.0
565	infeas	12.098160	0.0	infeas	8.557700	0.0
566	infeas	10.619385	0.0	infeas	7.613843	0.0
567	infeas	10.744366	0.0	infeas	7.669834	0.0
568	infeas	11.651229	0.0	infeas	8.096769	0.0
569	infeas	11.109311	0.0	infeas	7.787817	0.0
570	infeas	11.894192	0.0	infeas	8.294738	0.0
571	infeas	11.882194	0.0	infeas	8.468712	0.0
572	infeas	11.901191	0.0	infeas	8.434717	0.0
573	infeas	12.723067	0.0	infeas	9.033626	0.0
574	infeas	10.463410	0.0	infeas	7.288891	0.0
575	infeas	10.198450	0.0	infeas	6.628993	0.0
576	infeas	10.642381	0.0	infeas	7.441869	0.0
577	infeas	11.463257	0.0	infeas	8.053776	0.0
578	infeas	10.871348	0.0	infeas	7.619841	0.0
579	infeas	12.300130	0.0	infeas	8.746670	0.0
580	infeas	11.578241	0.0	infeas	7.943792	0.0
581	infeas	11.136306	0.0	infeas	7.894801	0.0
582	infeas	11.941184	0.0	infeas	8.389725	0.0
583	infeas	12.317127	0.0	infeas	8.720675	0.0
584	infeas	12.096160	0.0	infeas	8.579696	0.0
585	infeas	12.062167	0.0	infeas	8.494708	0.0
586	infeas	10.811356	0.0	infeas	7.711828	0.0
587	infeas	11.435262	0.0	infeas	8.048776	0.0
588	infeas	10.968332	0.0	infeas	7.786816	0.0
589	infeas	10.921340	0.0	infeas	7.769819	0.0
590	infeas	11.077317	0.0	infeas	7.674833	0.0
591	infeas	11.841200	0.0	infeas	8.489709	0.0
592	infeas	10.119462	0.0	infeas	7.229901	0.0
593	infeas	11.749213	0.0	infeas	8.272742	0.0
594	infeas	11.348276	0.0	infeas	8.072772	0.0
595	infeas	12.715067	0.0	infeas	8.869652	0.0
596	infeas	10.473408	0.0	infeas	7.403874	0.0
597	infeas	11.788208	0.0	infeas	8.206752	0.0
598	infeas	11.916189	0.0	infeas	8.401723	0.0
599	infeas	11.130307	0.0	infeas	7.820811	0.0
600	infeas	9.833506	0.0	infeas	6.877954	0.0
601	infeas	12.865044	0.0	infeas	9.315584	0.0
602	infeas	12.252137	0.0	infeas	8.554700	0.0
603	infeas	11.617234	0.0	infeas	8.198754	0.0
604	infeas	12.775057	0.0	infeas	9.140611	0.0
605	infeas	11.554244	0.0	infeas	8.122764	0.0
606	infeas	11.053320	0.0	infeas	7.903798	0.0
607	infeas	11.879195	0.0	infeas	8.487709	0.0
608	infeas	10.906342	0.0	infeas	7.626841	0.0
609	infeas	10.595389	0.0	infeas	7.391876	0.0
610	infeas	11.265287	0.0	infeas	7.825811	0.0
611	infeas	11.503252	0.0	infeas	8.109766	0.0
612	infeas	10.834353	0.0	infeas	7.580848	0.0
613	infeas	11.536246	0.0	infeas	8.349731	0.0
614	infeas	11.897191	0.0	infeas	8.296739	0.0
615	infeas	11.806205	0.0	infeas	8.100769	0.0
616	infeas	11.923187	0.0	infeas	8.572697	0.0
617	infeas	12.823050	0.0	infeas	9.161607	0.0
618	infeas	10.766363	0.0	infeas	7.662835	0.0
619	infeas	11.896192	0.0	infeas	8.362728	0.0
620	infeas	13.171999	0.0	infeas	9.151608	0.0
621	infeas	10.187452	0.0	infeas	7.041929	0.0
622	infeas	12.290132	0.0	infeas	8.589694	0.0
623	infeas	11.328278	0.0	infeas	7.903798	0.0
624	infeas	9.936490	0.0	infeas	6.992937	0.0
625	infeas	11.475254	0.0	infeas	7.941794	0.0
626	infeas	10.987329	0.0	infeas	7.746823	0.0
627	infeas	11.975179	0.0	infeas	8.389725	0.0
628	infeas	12.265134	0.0	infeas	8.730674	0.0
629	infeas	11.207296	0.0	infeas	7.865804	0.0
630	infeas	11.869196	0.0	infeas	8.349730	0.0
631	infeas	13.285980	0.0	infeas	9.367577	0.0
632	infeas	12.408114	0.0	infeas	8.857653	0.0
633	infeas	11.426262	0.0	infeas	8.058775	0.0
634	infeas	12.502100	0.0	infeas	8.914645	0.0
635	infeas	10.369423	0.0	infeas	7.354882	0.0
636	infeas	12.658076	0.0	infeas	8.874650	0.0
637	infeas	12.167151	0.0	infeas	8.543701	0.0
638	infeas	12.067165	0.0	infeas	8.445716	0.0
639	infeas	10.236445	0.0	infeas	7.034930	0.0
640	infeas	14.269831	0.0	infeas	9.998480	0.0
641	infeas	12.085163	0.0	infeas	8.477710	0.0
642	infeas	11.585240	0.0	infeas	7.730824	0.0
643	infeas	12.761060	0.0	infeas	9.133612	0.0
644	infeas	11.938184	0.0	infeas	8.487710	0.0
645	infeas	12.165151	0.0	infeas	8.551700	0.0
646	infeas	13.445956	0.0	infeas	9.547549	0.0
647	infeas	11.835200	0.0	infeas	8.326735	0.0
648	infeas	11.753213	0.0	infeas	8.246746	0.0
649	infeas	11.452259	0.0	infeas	8.107767	0.0
650	infeas	11.860197	0.0	infeas	8.201753	0.0
651	infeas	11.826202	0.0	infeas	8.409722	0.0
652	infeas	12.222142	0.0	infeas	8.584696	0.0
653	infeas	12.989024	0.0	infeas	9.092618	0.0
654	infeas	12.036170	0.0	infeas	8.657684	0.0
655	infeas	12.172149	0.0	infeas	8.558699	0.0
656	infeas	10.375424	0.0	infeas	7.293890	0.0
657	infeas	11.922188	0.0	infeas	8.541702	0.0
658	infeas	11.407266	0.0	infeas	7.981786	0.0
659	infeas	11.483254	0.0	infeas	8.140762	0.0
660	infeas	12.485103	0.0	infeas	8.814660	0.0
661	infeas	12.442108	0.0	infeas	8.726674	0.0
662	infeas	11.977179	0.0	infeas	8.384725	0.0
663	infeas	12.725065	0.0	infeas	8.836657	0.0
664	infeas	10.834353	0.0	infeas	7.717827	0.0
665	infeas	11.164303	0.0	infeas	7.908797	0.0
666	infeas	11.081316	0.0	infeas	7.983786	0.0
667	infeas	11.169301	0.0	infeas	8.014782	0.0
668	infeas	11.231293	0.0	infeas	8.015781	0.0
669	infeas	10.494405	0.0	infeas	7.358882	0.0
670	infeas	11.434261	0.0	infeas	8.029779	0.0
671	infeas	12.017173	0.0	infeas	8.234748	0.0
672	infeas	12.530096	0.0	infeas	8.987634	0.0
673	infeas	11.589237	0.0	infeas	8.049777	0.0
674	infeas	13.909885	0.0	infeas	9.637535	0.0
675	infeas	12.576088	0.0	infeas	8.823659	0.0
676	infeas	11.481254	0.0	infeas	8.149762	0.0
677	infeas	11.334277	0.0	infeas	7.960790	0.0
678	infeas	11.241290	0.0	infeas	8.188755	0.0
679	infeas	11.675225	0.0	infeas	8.202754	0.0
680	infeas	10.926338	0.0	infeas	7.602844	0.0
681	infeas	9.628537	0.0	infeas	6.780969	0.0
682	infeas	11.962182	0.0	infeas	8.445715	0.0
683	infeas	12.483102	0.0	infeas	8.808661	0.0
684	infeas	10.767364	0.0	infeas	7.576848	0.0
685	infeas	9.360576	0.0	infeas	6.549005	0.0
686	infeas	9.968485	0.0	infeas	7.024932	0.0
687	infeas	12.223142	0.0	infeas	8.584694	0.0
688	infeas	10.730369	0.0	infeas	7.662835	0.0
689	infeas	11.656228	0.0	infeas	8.127764	0.0
690	infeas	11.607236	0.0	infeas	8.087770	0.0
691	infeas	10.598389	0.0	infeas	7.434870	0.0
692	infeas	11.426263	0.0	infeas	7.937793	0.0
693	infeas	12.430110	0.0	infeas	8.776667	0.0
694	infeas	10.627384	0.0	infeas	7.517857	0.0
695	infeas	12.325126	0.0	infeas	8.647685	0.0
696	infeas	10.553397	0.0	infeas	7.507858	0.0
697	infeas	10.993329	0.0	infeas	7.757820	0.0
698	infeas	11.391268	0.0	infeas	7.957790	0.0
699	infeas	10.923340	0.0	infeas	7.832809	0.0
700	infeas	11.549245	0.0	infeas	8.274742	0.0
701	infeas	11.807205	0.0	infeas	8.428718	0.0
702	infeas	12.166151	0.0	infeas	8.527704	0.0
703	infeas	12.173148	0.0	infeas	8.523705	0.0
704	infeas	12.403115	0.0	infeas	8.858653	0.0
705	infeas	10.211447	0.0	infeas	7.326887	0.0
706	infeas	10.653380	0.0	infeas	7.420872	0.0
707	infeas	13.027019	0.0	infeas	9.200601	0.0
708	infeas	10.368425	0.0	infeas	7.512858	0.0
709	infeas	12.478102	0.0	infeas	8.896648	0.0
710	infeas	13.918884	0.0	infeas	9.721522	0.0
711	infeas	11.839200	0.0	infeas	8.213751	0.0
712	infeas	12.488102	0.0	infeas	8.791664	0.0
713	infeas	11.133307	0.0	infeas	7.998783	0.0
714	infeas	11.714220	0.0	infeas	8.261744	0.0
715	infeas	9.723522	0.0	infeas	6.978938	0.0
716	infeas	11.444262	0.0	infeas	7.950791	0.0
717	infeas	12.198145	0.0	infeas	8.759668	0.0
718	infeas	12.382118	0.0	infeas	8.795663	0.0
719	infeas	10.867347	0.0	infeas	7.739825	0.0
720	infeas	10.905342	0.0	infeas	7.699828	0.0
721	infeas	11.174301	0.0	infeas	7.692832	0.0
722	infeas	11.505251	0.0	infeas	8.090769	0.0
723	infeas	11.942185	0.0	infeas	8.372727	0.0
724	infeas	11.350274	0.0	infeas	7.995785	0.0
725	infeas	11.936185	0.0	infeas	8.449716	0.0
726	infeas	9.793511	0.0	infeas	6.770971	0.0
727	infeas	11.310280	0.0	infeas	8.217751	0.0
728	infeas	10.087466	0.0	infeas	7.155913	0.0
729	infeas	12.302129	0.0	infeas	8.470713	0.0
730	infeas	11.055319	0.0	infeas	7.418872	0.0
731	infeas	10.529400	0.0	infeas	7.472864	0.0
732	infeas	12.132155	0.0	infeas	8.542701	0.0
733	infeas	12.993025	0.0	infeas	9.302586	0.0
734	infeas	11.135307	0.0	infeas	7.943793	0.0
735	infeas	11.150304	0.0	infeas	7.876803	0.0
736	infeas	11.881193	0.0	infeas	8.352731	0.0
737	infeas	12.464105	0.0	infeas	8.878651	0.0
738	infeas	10.353426	0.0	infeas	7.145913	0.0
739	infeas	13.003023	0.0	infeas	9.091618	0.0
740	infeas	10.622386	0.0	infeas	7.269894	0.0
741	infeas	12.603084	0.0	infeas	8.821659	0.0
742	infeas	11.772210	0.0	infeas	8.362729	0.0
743	infeas	10.756365	0.0	infeas	7.753821	0.0
744	infeas	11.198298	0.0	infeas	7.992784	0.0
745	infeas	12.294132	0.0	infeas	8.450715	0.0
746	infeas	11.970180	0.0	infeas	8.288740	0.0
747	infeas	12.050168	0.0	infeas	8.579695	0.0
748	limit	1071.767067	0.0	limit	808.517087	0.0
749	infeas	11.663227	0.0	infeas	7.653837	0.0
750	infeas	10.984329	0.0	infeas	7.881803	0.0
751	infeas	11.943183	0.0	infeas	8.423720	0.0
752	infeas	11.897192	0.0	infeas	8.343731	0.0
753	infeas	8.700678	0.0	infeas	6.040081	0.0
754	infeas	11.029323	0.0	infeas	7.646838	0.0
755	infeas	11.371271	0.0	infeas	8.075772	0.0
756	infeas	11.897192	0.0	infeas	8.420720	0.0
757	infeas	11.653228	0.0	infeas	8.186755	0.0
758	infeas	11.343276	0.0	infeas	7.969789	0.0
759	infeas	11.324278	0.0	infeas	7.959790	0.0
760	infeas	12.213143	0.0	infeas	8.665683	0.0
761	infeas	10.858349	0.0	infeas	7.821811	0.0
762	infeas	12.185147	0.0	infeas	8.664683	0.0
763	infeas	11.058320	0.0	infeas	7.735823	0.0
764	infeas	12.875043	0.0	infeas	9.029628	0.0
765	infeas	11.831200	0.0	infeas	8.372728	0.0
766	infeas	13.086011	0.0	infeas	9.312584	0.0
767	infeas	12.468105	0.0	infeas	8.731672	0.0
768	infeas	12.669074	0.0	infeas	9.024628	0.0
769	infeas	10.653380	0.0	infeas	7.561851	0.0
770	infeas	11.359273	0.0	infeas	7.982786	0.0
771	infeas	13.016021	0.0	infeas	9.132612	0.0
772	infeas	12.500100	0.0	infeas	8.861653	0.0
773	infeas	11.693222	0.0	infeas	8.166759	0.0
774	infeas	12.327126	0.0	infeas	8.867651	0.0
775	infeas	11.343276	0.0	infeas	7.945792	0.0
776	infeas	9.643534	0.0	infeas	6.876955	0.0
777	infeas	10.906342	0.0	infeas	7.603844	0.0
778	infeas	9.871499	0.0	infeas	6.952943	0.0
779	infeas	11.526248	0.0	infeas	8.272742	0.0
780	infeas	12.209144	0.0	infeas	8.726674	0.0
781	infeas	12.423111	0.0	infeas	8.816659	0.0
782	infeas	9.722523	0.0	infeas	6.940944	0.0
783	infeas	12.250138	0.0	infeas	8.811660	0.0
784	infeas	11.003327	0.0	infeas	7.690831	0.0
785	infeas	10.577392	0.0	infeas	7.475864	0.0
786	infeas	12.088162	0.0	infeas	8.611690	0.0
787	infeas	11.121310	0.0	infeas	7.824811	0.0
788	infeas	10.795359	0.0	infeas	7.653836	0.0
789	infeas	12.749062	0.0	infeas	8.896648	0.0
790	infeas	11.328277	0.0	infeas	8.333734	0.0
791	infeas	12.106158	0.0	infeas	8.412722	0.0
792	infeas	10.609387	0.0	infeas	7.619841	0.0
793	infeas	11.567242	0.0	infeas	8.103769	0.0
794	infeas	11.750213	0.0	infeas	8.252745	0.0
795	infeas	12.223142	0.0	infeas	8.778666	0.0
796	infeas	11.225293	0.0	infeas	7.892800	0.0
797	infeas	9.997480	0.0	infeas	7.128917	0.0
798	infeas	10.388420	0.0	infeas	7.249898	0.0
799	infeas	11.560242	0.0	infeas	8.139763	0.0
800	infeas	10.973332	0.0	infeas	7.647838	0.0
801	infeas	11.738215	0.0	infeas	8.346731	0.0
802	infeas	11.449259	0.0	infeas	8.182756	0.0
803	infeas	11.615235	0.0	infeas	8.120765	0.0
804	infeas	11.481255	0.0	infeas	8.155760	0.0
805	infeas	11.819203	0.0	infeas	8.242747	0.0
806	infeas	12.378118	0.0	infeas	9.089618	0.0
807	infeas	11.644230	0.0	infeas	8.133764	0.0
808	infeas	11.688223	0.0	infeas	8.134763	0.0
809	infeas	11.321280	0.0	infeas	7.953790	0.0
810	infeas	11.128308	0.0	infeas	7.731824	0.0
811	infeas	11.546245	0.0	infeas	8.295740	0.0
812	infeas	11.627231	0.0	infeas	8.128765	0.0
813	infeas	11.110311	0.0	infeas	7.633839	0.0
814	infeas	10.516402	0.0	infeas	7.449867	0.0
815	infeas	10.950335	0.0	infeas	7.746823	0.0
816	infeas	11.456258	0.0	infeas	8.005783	0.0
817	infeas	13.085011	0.0	infeas	9.278589	0.0
818	infeas	10.209449	0.0	infeas	7.175909	0.0
819	infeas	12.631079	0.0	infeas	8.844656	0.0
820	infeas	9.656532	0.0	infeas	6.786968	0.0
821	infeas	12.137154	0.0	infeas	8.526704	0.0
822	infeas	10.715372	0.0	infeas	7.664834	0.0
823	infeas	12.219142	0.0	infeas	8.704678	0.0
824	infeas	11.295282	0.0	infeas	7.978787	0.0
825	infeas	11.581239	0.0	infeas	8.139763	0.0
826	infeas	10.807357	0.0	infeas	7.549852	0.0
827	infeas	11.601236	0.0	infeas	8.141763	0.0
828	infeas	11.311281	0.0	infeas	7.858804	0.0
829	infeas	11.380270	0.0	infeas	8.033779	0.0
830	infeas	10.807357	0.0	infeas	7.621842	0.0
831	infeas	10.634383	0.0	infeas	7.351882	0.0
832	infeas	11.778210	0.0	infeas	8.225749	0.0
833	infeas	10.098465	0.0	infeas	7.184908	0.0
834	infeas	10.793359	0.0	infeas	7.667834	0.0
835	infeas	12.645078	0.0	infeas	8.845655	0.0
836	infeas	12.081163	0.0	infeas	8.511706	0.0
837	infeas	11.566243	0.0	infeas	8.079771	0.0
838	infeas	11.494253	0.0	infeas	8.022780	0.0
839	infeas	12.940033	0.0	infeas	9.169605	0.0
840	infeas	11.976180	0.0	infeas	8.385725	0.0
841	infeas	11.610235	0.0	infeas	8.189755	0.0
842	infeas	12.988025	0.0	infeas	9.083620	0.0
843	infeas	11.784209	0.0	infeas	8.228749	0.0
844	infeas	11.784207	0.0	infeas	8.380726	0.0
845	infeas	11.542246	0.0	infeas	8.088770	0.0
846	infeas	10.666378	0.0	infeas	7.493861	0.0
847	infeas	11.365272	0.0	infeas	7.911798	0.0
848	infeas	11.722218	0.0	infeas	8.280741	0.0
849	infeas	12.395116	0.0	infeas	8.721674	0.0
850	infeas	11.799206	0.0	infeas	8.512706	0.0
851	limit	1045.606043	0.0	limit	572.904906	0.0
852	infeas	11.855197	0.0	infeas	8.507707	0.0
853	infeas	10.440413	0.0	infeas	7.467865	0.0
854	infeas	11.924187	0.0	infeas	8.438717	0.0
855	infeas	12.110159	0.0	infeas	8.570697	0.0
856	infeas	11.818203	0.0	infeas	8.348731	0.0
857	infeas	11.274287	0.0	infeas	7.914796	0.0
858	infeas	13.569937	0.0	infeas	9.399572	0.0
859	infeas	12.681071	0.0	infeas	8.825658	0.0
860	infeas	10.455411	0.0	infeas	7.394876	0.0
861	infeas	11.190299	0.0	infeas	7.888801	0.0
862	infeas	11.033322	0.0	infeas	7.861805	0.0
863	infeas	11.287285	0.0	infeas	8.080771	0.0
864	infeas	11.215295	0.0	infeas	7.991785	0.0
865	infeas	10.513402	0.0	infeas	7.394876	0.0
866	infeas	10.355425	0.0	infeas	7.493860	0.0
867	infeas	12.746064	0.0	infeas	8.821658	0.0
868	infeas	12.383117	0.0	infeas	8.829658	0.0
869	infeas	10.980331	0.0	infeas	7.807813	0.0
870	infeas	11.756213	0.0	infeas	8.121765	0.0
871	infeas	11.344276	0.0	infeas	8.030779	0.0
872	infeas	10.721370	0.0	infeas	7.558850	0.0
873	infeas	12.892040	0.0	infeas	9.126614	0.0
874	infeas	11.555243	0.0	infeas	8.171757	0.0
875	infeas	11.153304	0.0	infeas	7.978788	0.0
876	infeas	11.588238	0.0	infeas	8.112767	0.0
877	infeas	11.533247	0.0	infeas	8.005782	0.0
878	infeas	11.587239	0.0	infeas	8.252745	0.0
879	infeas	10.243443	0.0	infeas	7.159911	0.0
880	infeas	12.513098	0.0	infeas	8.891649	0.0
881	infeas	12.996023	0.0	infeas	9.220599	0.0
882	infeas	11.455258	0.0	infeas	8.303738	0.0
883	infeas	11.221294	0.0	infeas	7.930795	0.0
884	infeas	11.612235	0.0	infeas	8.119765	0.0
885	infeas	11.439261	0.0	infeas	8.199753	0.0
886	infeas	9.530552	0.0	infeas	6.316039	0.0
887	infeas	11.450260	0.0	infeas	8.117765	0.0
888	infeas	11.772211	0.0	infeas	8.274741	0.0
889	infeas	11.114312	0.0	infeas	7.866804	0.0
890	limit	1056.611370	0.0	limit	654.960431	0.0
891	infeas	11.798207	0.0	infeas	8.315735	0.0
892	infeas	12.030171	0.0	infeas	8.655684	0.0
893	infeas	12.345123	0.0	infeas	9.907495	0.0
894	infeas	13.002023	0.0	infeas	9.083619	0.0
895	infeas	12.379118	0.0	infeas	8.817660	0.0
896	infeas	11.502251	0.0	infeas	8.023780	0.0
897	infeas	11.869195	0.0	infeas	8.391725	0.0
898	infeas	12.998024	0.0	infeas	9.217599	0.0
899	infeas	10.121461	0.0	infeas	7.285893	0.0
900	infeas	11.519248	0.0	infeas	8.130764	0.0
901	infeas	12.491101	0.0	infeas	8.842656	0.0
902	infeas	11.406265	0.0	infeas	8.043778	0.0
903	infeas	10.200449	0.0	infeas	7.188908	0.0
904	infeas	11.807205	0.0	infeas	8.354730	0.0
905	infeas	11.923186	0.0	infeas	8.449717	0.0
906	infeas	13.289978	0.0	infeas	9.495557	0.0
907	infeas	10.328430	0.0	infeas	7.370880	0.0
908	infeas	10.866348	0.0	infeas	7.503859	0.0
909	infeas	10.631384	0.0	infeas	7.559850	0.0
910	infeas	12.161152	0.0	infeas	8.515705	0.0
911	infeas	11.640230	0.0	infeas	8.123766	0.0
912	infeas	10.492404	0.0	infeas	7.372880	0.0
913	infeas	12.125156	0.0	infeas	8.576697	0.0
914	infeas	11.436260	0.0	infeas	7.983787	0.0
915	infeas	11.028323	0.0	infeas	7.649838	0.0
916	infeas	11.641229	0.0	infeas	8.179758	0.0
917	infeas	12.348122	0.0	infeas	8.960638	0.0
918	infeas	11.483255	0.0	infeas	8.049775	0.0
919	infeas	11.589239	0.0	infeas	8.092769	0.0
920	infeas	11.184300	0.0	infeas	7.792815	0.0
921	infeas	11.104312	0.0	infeas	7.846808	0.0
922	infeas	12.784056	0.0	infeas	8.988633	0.0
923	infeas	11.208297	0.0	infeas	8.025779	0.0
924	infeas	11.453259	0.0	infeas	8.124765	0.0
925	infeas	13.125005	0.0	infeas	9.134611	0.0
926	infeas	12.190147	0.0	infeas	8.526703	0.0
927	infeas	11.834201	0.0	infeas	8.148761	0.0
928	infeas	11.791208	0.0	infeas	8.239747	0.0
929	infeas	12.848047	0.0	infeas	8.948640	0.0
930	infeas	10.891345	0.0	infeas	7.867803	0.0
931	infeas	12.344124	0.0	infeas	8.699677	0.0
932	infeas	11.115310	0.0	infeas	7.840808	0.0
933	infeas	11.225293	0.0	infeas	7.913798	0.0
934	infeas	10.600388	0.0	infeas	7.398876	0.0
935	infeas	10.543396	0.0	infeas	7.398876	0.0
936	limit	1054.241731	0.0	limit	765.908563	0.0
937	limit	1064.700142	0.0	limit	566.085942	0.0
938	infeas	10.557395	0.0	infeas	7.588846	0.0
939	infeas	11.564242	0.0	infeas	8.031779	0.0
940	infeas	11.652228	0.0	infeas	8.213752	0.0
941	infeas	13.163999	0.0	infeas	9.208600	0.0
942	infeas	11.538245	0.0	infeas	8.092771	0.0
943	infeas	11.582238	0.0	infeas	8.232749	0.0
944	infeas	10.794359	0.0	infeas	7.680832	0.0
945	infeas	10.513402	0.0	infeas	7.341884	0.0
946	infeas	9.311584	0.0	infeas	6.517009	0.0
947	infeas	12.899039	0.0	infeas	9.122613	0.0
948	infeas	11.576241	0.0	infeas	8.158760	0.0
949	infeas	11.071317	0.0	infeas	7.883801	0.0
950	infeas	11.315280	0.0	infeas	7.953791	0.0
951	infeas	10.580391	0.0	infeas	7.588847	0.0
952	infeas	11.464257	0.0	infeas	8.006782	0.0
953	infeas	11.550245	0.0	infeas	8.074772	0.0
954	infeas	10.533399	0.0	infeas	7.507858	0.0
955	infeas	11.141306	0.0	infeas	7.888801	0.0
956	infeas	11.117311	0.0	infeas	7.883801	0.0
957	infeas	10.535398	0.0	infeas	7.575849	0.0
958	infeas	11.963180	0.0	infeas	8.491710	0.0
959	infeas	10.742367	0.0	infeas	7.592846	0.0
960	infeas	11.753212	0.0	infeas	8.332734	0.0
961	infeas	11.080315	0.0	infeas	7.836809	0.0
962	infeas	12.060166	0.0	infeas	8.574697	0.0
963	infeas	10.827354	0.0	infeas	7.574849	0.0
964	infeas	11.947183	0.0	infeas	8.379726	0.0
965	infeas	12.569090	0.0	infeas	8.798662	0.0
966	infeas	11.946184	0.0	infeas	8.234748	0.0
967	infeas	10.742367	0.0	infeas	7.483862	0.0
968	infeas	11.864196	0.0	infeas	8.420721	0.0
969	infeas	11.494252	0.0	infeas	8.120765	0.0
970	infeas	12.264136	0.0	infeas	8.698677	0.0
971	infeas	10.435415	0.0	infeas	7.357880	0.0
972	infeas	12.961030	0.0	infeas	9.158608	0.0
973	infeas	12.609083	0.0	infeas	8.960638	0.0
974	infeas	11.576240	0.0	infeas	8.125765	0.0
975	infeas	12.088162	0.0	infeas	8.652685	0.0
976	infeas	12.549092	0.0	infeas	8.808661	0.0
977	infeas	12.762059	0.0	infeas	9.079620	0.0
978	infeas	10.897343	0.0	infeas	7.839809	0.0
979	infeas	10.301434	0.0	infeas	7.140914	0.0
980	infeas	12.217143	0.0	infeas	8.632687	0.0
981	infeas	12.013174	0.0	infeas	8.436718	0.0
982	infeas	11.744214	0.0	infeas	8.134764	0.0
983	infeas	9.859501	0.0	infeas	7.127916	0.0
984	infeas	13.907886	0.0	infeas	9.753517	0.0
985	infeas	11.272286	0.0	infeas	8.123765	0.0
986	infeas	12.284133	0.0	infeas	8.512706	0.0
987	infeas	10.791359	0.0	infeas	7.619842	0.0
988	infeas	14.145849	0.0	infeas	9.849503	0.0
989	infeas	12.175149	0.0	infeas	8.743671	0.0
990	infeas	12.083163	0.0	infeas	8.409722	0.0
991	infeas	11.936185	0.0	infeas	8.334733	0.0
992	infeas	11.702221	0.0	infeas	8.181756	0.0
993	infeas	10.733368	0.0	infeas	7.572849	0.0
994	infeas	10.661379	0.0	infeas	7.761820	0.0
995	infeas	12.493101	0.0	infeas	8.850654	0.0
996	infeas	10.205450	0.0	infeas	7.352881	0.0
997	infeas	12.298131	0.0	infeas	8.808661	0.0
998	infeas	11.385269	0.0	infeas	8.125764	0.0
999	infeas	11.272287	0.0	infeas	7.936793	0.0
1000	infeas	12.189147	0.0	infeas	8.458714	0.0

session time, 61568.062339
session max time, 100000.000000

0	0.000000	0	0.000000	987	11.557318	987	8.149681	13	1061.889645	13	743.348302	25.211638	17.707263
